# gals field z mass r_edge sigma_edge re n ar pa
270 cosmos 0.6800000071525574 63338849730.01236 13.5 3.7731668240225584 0.652236 1.2749 0.239 79.8405
283 cosmos 0.9869999885559082 13241337638.732893 8.5 10.637163461189317 0.46686 0.8058 0.2843 76.1063
886 cosmos 0.3465000092983246 10674970874.71333 10.5 3.5182792849664466 0.253248 3.2371 0.3449 -62.4947
944 cosmos 0.7465000152587891 94841179483.36266 20.15999984741211 11.700834639986315 0.786918 4.3127 0.2 14.0
1022 cosmos 0.670199990272522 84565380646.37114 17.5 12.392124939192874 0.912324 2.6784 0.65 -70.0
1047 cosmos 0.924948 133572759677.59799 17.5 14.086792746312764 1.00507 2.769 0.775 20.5626
1212 cosmos 0.824999988079071 22302216044.07605 14.5 5.7446192802241605 0.884802 0.9529 0.6781 29.5015
1272 cosmos 0.8777 236147596085.34106 19.5 22.238498650489348 0.693744 3.0001 0.7 -85.0
1298 cosmos 0.15209999680519104 13798968005.384108 12.5 2.6308911758345928 1.42957 1.6855 0.4 60.0
1409 cosmos 0.4265 102354216098.68913 18.5 8.12599714408603 0.720234 3.1134 0.5635 78.0269
1447 cosmos 0.8440999984741211 26056527455.09789 8.5 5.877733045674748 0.493572 2.1562 0.1916 56.3963
1449 cosmos 0.5526 11404506081.630877 17.5 1.7073049398015698 1.14796 1.6092 0.8268 -76.2139
1485 cosmos 0.6819000244140625 98894952294.70323 16.5 16.2344610991957 0.554082 4.4895 0.68 -30.0
1673 cosmos 0.6639 48756453697.23201 10.5 19.583297935457654 0.327906 3.5726 0.352 82.9487
1752 cosmos 0.9265 39454139352.44608 14.5 2.7260326858095367 0.537234 3.2164 0.8568 -69.8506
2080 cosmos 0.930899977684021 28479477530.165684 8.5 20.415308186733295 0.294006 2.9617 0.5515 -27.403
2244 cosmos 0.4325999915599823 17944936854.45668 9.5 7.262552389109386 0.187572 2.7147 0.597 -57.5774
2323 cosmos 0.7279000282287598 165625139291.7026 21.5 14.83146262314524 0.691662 4.8199 0.84 66.0
2699 cosmos 0.728600025177002 18448689408.63949 8.5 10.418446461624644 0.250566 1.7472 0.7777 -33.6985
2836 cosmos 0.9562000036239624 19726158809.52507 11.5 6.906163683693605 0.53937 0.6874 0.4838 -57.2334
3008 cosmos 0.6640999913215637 32964576775.087055 21.5 1.119152348509294 0.609258 1.9378 0.5 -20.0
3139 cosmos 0.8533999919891357 23189369921.09398 10.5 4.844641038925698 0.4824 2.0854 0.41 65.2525
3150 cosmos 0.9251000285148621 41775181280.91255 13.5 3.5693673182159027 0.800208 0.9214 0.2245 55.7538
3175 cosmos 0.18654 39050582271.65478 14.5 3.13578219772833 0.873006 2.3928 0.55 55.0
3355 cosmos 0.6790000200271606 36673642590.43371 13.5 9.150949862417527 0.544722 3.5322 0.421 14.3351
3367 cosmos 0.9284 31689867697.1548 11.5 6.713930324135883 0.407226 1.4848 0.7932 -33.732
3458 cosmos 1.0896999835968018 50053220859.71981 6.5 33.66721507546451 0.21816 2.2975 0.7407 68.5388
3493 cosmos 0.8496999740600586 15909582841.886127 11.5 7.002044359230932 0.448008 3.5098 0.6468 -44.8873
3580 cosmos 0.8792 87439062182.58365 13.5 10.099971281204375 0.353232 3.7459 0.62 -25.0
3584 cosmos 0.9264 29832174611.36894 9.5 11.229635892359259 0.443556 0.7889 0.6476 -87.9544
3594 cosmos 0.819100022315979 66515540157.615036 12.5 11.642624353161688 0.337374 3.0348 0.5838 84.1681
3834 cosmos 0.2971000075340271 20263787760.02072 16.5 1.8236836175960003 1.27181 1.2651 0.5826 34.2351
3946 cosmos 0.5662000179290771 48441830548.070404 17.5 3.6232067375238413 1.02413 1.4692 0.78 45.0
3955 cosmos 0.8392999768257141 94536025854.41924 13.5 23.712760292375556 0.438264 3.182 0.3819 56.264
4021 cosmos 0.6758000254631042 54749263701.12076 16.5 3.2739319261405937 0.50346 2.1385 0.9 -15.0
4465 cosmos 0.3736000061035156 54168142071.71001 12.5 7.726973308003832 0.40455 2.6272 0.4452 36.7443
4532 cosmos 0.9564999938011169 29353648918.2288 12.5 9.522660010683278 0.629508 0.594 0.7744 77.7433
4536 cosmos 0.360347130175077 63316822772.118034 23.5 5.713347884658921 2.5246 3.8036 0.8 80.0
4649 cosmos 0.7577000260353088 49625905104.03954 17.5 4.105952626170037 0.867516 3.5446 0.8781 -26.4115
4760 cosmos 0.7307999730110168 29468584586.694225 13.5 5.183470049890879 0.70353 0.8817 0.6 30.0
4781 cosmos 0.602918788650939 49591037407.39555 13.5 11.536342616762784 0.549048 1.7741 0.7799 1.6602
4792 cosmos 0.9254000186920166 67272313918.22159 12.5 22.946691609247186 0.60951 0.8692 0.57 -25.0
4914 cosmos 0.3812 19964640306.63854 17.5 1.7008564532341883 0.893652 1.067 0.3215 6.0774
5127 cosmos 0.9868000149726868 17036801672.717466 5.5 77.15489753892925 0.263844 0.7873 0.372 77.4372
5155 cosmos 0.7982 76950101257.57274 10.5 21.814567515579224 0.30363 3.1845 0.7784 86.7384
5204 cosmos 0.9571999907493591 75323927803.57979 9.5 44.36708061591632 0.375108 1.4652 0.4631 20.4327
5227 cosmos 0.1857 19988141346.400776 16.5 1.6455500549973014 0.86718 1.9631 0.5 -15.0
5276 cosmos 0.659500002861023 42172659426.47033 13.5 8.677865157181515 0.34083 2.6436 0.3948 74.0207
5357 cosmos 0.7483000159263611 128447459587.01208 19.5 8.92736985258766 0.772494 2.7274 0.8844 10.7996
5522 cosmos 0.9513000249862671 25798474799.36377 6.5 43.511418653653635 0.328458 1.0057 0.4181 71.5908
5693 cosmos 0.6762 30861339066.168 16.5 4.559214144664296 0.903624 0.9729 0.3402 74.1674
5765 cosmos 0.9067999720573425 124093932596.84285 12.5 41.15577316600552 0.519498 2.5194 0.57 90.0
5828 cosmos 0.6806 81253706144.64156 11.5 21.468330852681213 0.302082 1.7562 0.4349 -4.7812
5849 cosmos 0.3446 52557419916.451225 21.5 1.911630910179916 1.92775 5.5003 0.95 -60.0
5942 cosmos 0.5184 18220024543.38841 10.5 6.761873747876962 0.267048 7.0141 0.547 -45.6495
6253 cosmos 0.7273 37685602673.84414 11.5 8.633843896534298 0.442968 1.3836 0.441 74.8874
6310 cosmos 0.5327 25884532143.694107 17.5 2.1758723470246966 0.713556 4.4306 0.3521 41.0276
6327 cosmos 0.5324 17490150970.043087 14.5 0.6240036947264985 0.58131 0.8678 0.2598 21.5865
6339 cosmos 0.2493 15034829755.343292 11.5 3.463749166684286 0.597804 2.7147 0.7933 -18.7844
6368 cosmos 0.5042 31196883054.71327 11.5 5.2247165758701355 0.503808 1.7017 0.734 -45.3814
6529 cosmos 0.7267000079154968 79598651546.67883 14.5 13.501457387930184 0.367962 2.7122 0.5109 64.0786
6779 cosmos 0.7315 109442905072.71632 22.5 5.474127980340981 0.80049 5.0187 0.5 -13.0
6800 cosmos 0.9257000088691711 89517033575.19247 16.5 16.176607226305837 0.771438 2.1458 0.5807 -0.0683
6811 cosmos 0.7337999939918518 19855862618.999115 13.5 2.588104315276427 0.416694 2.9221 0.6371 60.8783
6884 cosmos 0.642300009727478 27852820117.81347 11.5 11.15876200229688 0.338028 1.6851 0.6396 50.7196
6978 cosmos 0.75 23001947102.380352 10.5 18.354010108647888 0.565842 0.5453 0.74 -30.0
7129 cosmos 0.9976999759674072 28527766385.28346 7.5 45.695708905636096 0.3168 0.4308 0.7394 24.9397
7224 cosmos 0.7482 25619702261.9527 8.5 16.305883752210313 0.282198 0.8411 0.5646 23.0576
7388 cosmos 0.8313000202178955 24402632024.562252 8.5 16.9795337477733 0.20271 2.8548 0.528 29.9205
7491 cosmos 0.7494000196456909 130113424100.57133 16.5 16.454064693363527 0.494706 5.5526 0.85 -38.0
7510 cosmos 0.9107999801635742 14757219200.956842 10.0 3.1024995764494157 0.433152 1.0808 0.2772 36.0689
7589 cosmos 0.9455000162124634 26553795493.462555 9.5 22.982604105506837 0.564018 0.8397 0.301 52.5
7739 cosmos 0.7293999791145325 19848836601.48758 16.5 2.1199152234210783 1.07744 0.7787 0.1 1.0
7868 cosmos 0.4917 15455265750.798283 14.5 1.9819473242149004 0.92109 1.1035 0.498 -88.005
8050 cosmos 1.0457 42388357387.01964 10.5 24.905028109643574 0.73989 8.0 0.6325 -50.8847
8109 cosmos 0.7283 31646303498.064354 12.5 8.823766092675204 0.488832 1.1467 0.4737 -43.7461
8138 cosmos 0.9807999730110168 15244884580.99124 7.5 19.353172643182276 0.369432 0.553 0.5869 -73.5086
8144 cosmos 0.9581999778747559 48604672577.144585 7.5 53.832619802510436 0.181872 1.718 0.5824 40.4099
8180 cosmos 0.7497 22648020688.280544 11.5 4.149811087044711 0.450738 1.3592 0.917 -45.7524
8334 cosmos 0.833299994468689 46272195943.58041 8.5 9.589266659215665 0.263574 1.7489 0.6128 24.5481
8347 cosmos 0.6674 70012338650.94405 19.5 0.7711826013459475 1.14155 0.8629 0.1711 -71.2135
8429 cosmos 0.4341999888420105 45325816028.63186 13.5 3.9659468931966764 0.465756 3.5426 0.65 80.0
8725 cosmos 0.6671 13322124650.294546 8.5 14.419357569421319 0.298218 2.3702 0.4342 44.8703
8793 cosmos 0.7276 53815709480.25802 11.5 16.34368589066531 0.228684 3.5143 0.5456 -7.5161
8797 cosmos 0.7504000067710876 167352261481.76514 29.5 9.20714618167342 1.22028 4.028 0.5327 -72.2519
9217 cosmos 0.4392000138759613 58217181017.890564 22.5 2.4060956686603845 1.46273 1.5257 0.94 94.0
9259 cosmos 0.7258999943733215 34405960672.423294 14.5 8.606869484952066 0.741924 1.0353 0.3294 -84.1434
9545 cosmos 0.7477 66569428444.957436 13.5 14.096342518441045 0.523524 1.9347 0.85 -45.0
9592 cosmos 0.6880999803543091 22217004529.339725 6.5 47.109750486417006 0.140352 1.908 0.3816 -61.7062
9624 cosmos 0.926471 93145224729.18968 15.5 3.2794873321994875 0.877158 0.8071 0.233 -20.9188
9636 cosmos 0.8804 19247933797.950485 14.5 6.889180432202623 0.734916 1.2285 0.3759 37.7348
9687 cosmos 0.7577000260353088 26020467432.51112 15.5 4.432632641176215 0.697668 1.8076 0.47 -15.0
9693 cosmos 0.361 19332039339.24801 20.0 1.6721869049326628 0.601494 3.934 0.025 17.5
9832 cosmos 0.7304 48919663113.35801 18.5 10.666167389115314 0.705582 2.2663 0.4295 -81.9698
9848 cosmos 0.3596 31532778715.261475 15.5 3.4343336144780476 0.966876 1.604 0.73 45.0
10038 cosmos 0.3593 35593447214.233284 11.5 6.160774309930328 0.451956 3.7219 0.6793 31.7969
10049 cosmos 0.18545 50182403300.87392 19.5 2.3781319221440875 2.19967 1.0386 0.2745 -23.24
10122 cosmos 0.9387000203132629 200185889717.38522 13.5 41.48981877920987 0.404034 4.3325 0.6986 3.3043
10143 cosmos 0.21950000524520874 69939822194.232 18.5 3.6982374128700832 1.80605 1.964 0.7 -28.5
10283 cosmos 0.167 21563061118.14678 11.5 3.638984542931367 0.808284 5.419 0.7802630427377006 110.80325943038713
10364 cosmos 0.5102 56864677307.01804 23.5 1.9363619301196964 1.4387 1.0281 0.6221 66.2651
10378 cosmos 0.7573 27853906712.38354 10.5 9.007475796225771 0.272304 2.6416 0.2259 -32.1496
10389 cosmos 0.9348000288009644 52396828010.32984 12.5 13.968422523188796 0.598896 0.9422 0.4067 -58.6142
10390 cosmos 0.4405 46114984778.70104 12.5 5.919924262140314 0.487812 1.4207 0.51 35.0
10486 cosmos 0.5019 37181775674.99533 10.5 7.769279555227564 0.41259 0.9389 0.8522 7.4394
10538 cosmos 0.7268999814987183 39670250660.11205 17.5 8.318960156337473 1.01461 2.4007 0.5605 80.2832
10700 cosmos 0.3602 22401073148.20322 12.5 5.942016999148134 0.71523 2.6735 0.3802 55.5493
10748 cosmos 0.2197 18792966664.623913 10.5 3.5816626657000823 0.73092 3.1494 0.95 60.0
10755 cosmos 0.7512999773025513 128454564676.03674 19.5 22.76113931453684 1.23272 3.9343 0.3773 82.06
10927 cosmos 0.6872000098228455 56600361376.41079 15.5 12.06622433247152 0.639912 1.1902 0.4133 -80.8258
11043 cosmos 0.47600001096725464 57796884928.53757 16.5 9.391296691284252 0.357042 4.3324 0.4223 -66.4937
11051 cosmos 0.4604 36446644076.163795 12.5 6.093608406478719 0.49077 1.3137 0.4571 -42.1355
11095 cosmos 0.7495 80156278085.76178 12.5 24.9190036960435 0.259896 2.9697 0.3562 -71.4408
11115 cosmos 0.8335999846458435 47240623157.95034 12.5 11.133501558249774 0.437988 4.6164 0.68 90.0
11170 cosmos 0.942993 176071082041.56815 23.5 4.2879395751183695 0.82575 2.3945 0.3369 -54.4608
11332 cosmos 0.36579999327659607 41231978133.850426 17.5 3.4660393712933475 1.05768 1.3419 0.5027 -33.1616
11387 cosmos 0.475360022479435 88947010899.64993 28.5 0.8173062361704659 1.24755 3.328 0.5212 -55.9369
11601 cosmos 0.3258 31637709442.55255 13.5 3.190859943459268 0.923382 1.4489 0.89 -45.0
11637 cosmos 0.8313000202178955 25289185839.05583 7.5 28.718059232697684 0.286476 2.1115 0.6383 2.0827
11662 cosmos 0.7353 22126024398.91018 8.5 14.502705260864936 0.272364 1.1856 0.9969 -38.8461
11719 cosmos 0.6854 27237098671.79584 14.0 1.3550875426475442 0.717816 0.6211 0.2542 -33.9915
11781 cosmos 0.3549000024795532 23044863883.59121 17.5 2.0216225920343684 1.10647 1.5729 0.6895 63.4375
11919 cosmos 1.004699945449829 27540468300.802032 10.5 13.53347020847121 0.533316 1.3084 0.3549 41.3261
12033 cosmos 0.6867 56396251241.81481 12.5 16.79694865088218 0.500754 1.6275 0.3986 -24.5212
12146 cosmos 0.6126000285148621 22260189928.62231 7.5 26.360354810501942 0.358068 1.406 0.7229 -36.1969
12199 cosmos 0.4411 26977117337.613712 18.0 1.0035829746869054 0.915408 3.7511 0.2798 -55.3055
12438 cosmos 0.8996 58368164157.93774 10.5 23.472389133717634 0.377082 1.1892 0.8855 -75.8958
12589 cosmos 0.48249998688697815 147277472007.15952 28.5 2.6472908940558453 1.54547 4.4045 0.75 68.0
12606 cosmos 0.6018000245094299 112781219363.24619 21.5 5.756047366430854 0.990036 3.0171 0.34 -60.0
12609 cosmos 0.2193 19384865582.498337 14.5 1.5848437008509204 0.837768 4.5681 0.56 90.0
12639 cosmos 0.671 27022247843.869022 12.5 7.6561583731661065 0.457308 4.5072 0.1984 -50.6823
12670 cosmos 0.6632999777793884 30292409496.134502 12.5 8.781266275813806 0.563646 1.2067 0.5631 9.0812
12759 cosmos 0.92330002784729 109384718155.70375 22.5 4.092156721428747 0.84099 1.7778 0.69 11.0
12783 cosmos 0.223 57103207678.162025 22.5 1.6950687676249725 1.50595 1.5543 0.3161 52.5
12978 cosmos 0.8385000228881836 43797773181.24966 8.5 4.987499881627936 0.221778 1.29 0.9508 25.3318
13072 cosmos 0.7584999799728394 25652729036.064285 14.5 7.358633609350088 0.676836 1.1258 0.579 35.3437
13136 cosmos 0.8519999980926514 93590166160.23419 11.5 14.971553289746506 0.592956 1.757 0.2986 74.313
13336 cosmos 0.373 116916673218.11305 25.5 3.812037178524843 1.41309 3.3228 0.6537 -13.8149
13390 cosmos 0.7264000177383423 103676126600.24446 14.5 19.946490017437966 0.419808 2.0874 0.7 -90.0
13429 cosmos 0.4641999900341034 22479896643.240433 7.5 11.40220843991488 0.214938 2.2237 0.6444 -77.8831
13584 cosmos 0.339206448082135 16537589634.620802 14.5 2.595265366108163 1.12082 1.3766 0.9542 5.7922
13600 cosmos 0.9416000247001648 83971185900.85062 11.5 36.92978372900883 0.370968 1.755 0.47 -85.0
13672 cosmos 0.4757 33159964109.7925 18.5 2.6871273845583996 0.98889 1.0277 0.3657 -31.2562
13709 cosmos 0.7222 25362215204.216125 11.5 6.808630928267849 0.58737 1.2469 0.78 -15.0
13713 cosmos 0.9405999779701233 27945564818.432728 7.5 45.020861795156954 0.269742 1.5014 0.5915 61.9035
13728 cosmos 0.6879 32391194560.58012 9.5 15.23988985148733 0.372318 1.3642 0.4676 72.3974
13815 cosmos 0.6865000128746033 151162964486.4984 24.5 5.579038618704758 1.32052 1.4031 0.93 0.0
14107 cosmos 0.6787999868392944 14770294909.921616 6.5 14.68163690221741 0.126984 4.032 0.3652 -1.2684
14316 cosmos 0.217550411333846 16190031164.607832 10.5 3.915055644268787 0.687264 2.2332 0.4652 -54.5909
14342 cosmos 0.2228 8229726159.008218 6.5 6.651451278648939 0.41973 2.62 0.5026 62.3071
14709 cosmos 0.7581999897956848 97489601385.27599 14.5 11.511027938034431 0.460512 1.3718 0.468 61.5871
14935 cosmos 0.661928 15123482388.183657 9.5 6.458000632897755 0.253062 2.0964 0.1728 24.791
15095 cosmos 0.728261 109162982848.67905 16.5 18.257384977428245 0.674268 2.6156 0.59 84.0
15138 cosmos 0.9581999778747559 61404871459.710075 13.5 10.438502493257365 0.616854 2.7145 0.4695 -7.1044
15251 cosmos 0.4278999865055084 19166955480.820652 11.5 4.13197891591061 0.850266 1.0351 0.2393 48.5681
15273 cosmos 0.8944000005722046 24056894887.12634 10.5 13.478179857527753 0.490344 1.0272 0.879 37.0582
15340 cosmos 0.9074000120162964 82449230127.14261 13.5 4.696638129893711 0.54255 1.4021 0.95 3.0
15371 cosmos 0.21969999372959137 9816225466.466692 8.5 3.2960331342008233 0.42549 1.7365 0.3831 -62.7324
15418 cosmos 0.7271999716758728 12444280398.347378 8.5 13.773691655874675 0.321036 1.8956 0.5925 89.4274
15459 cosmos 0.2187 37833797209.08914 14.5 2.06413101970238 0.740346 2.1562 0.95 10.0
15603 cosmos 0.2216 22255565735.853367 12.5 4.794787062316256 1.10702 5.1087 0.79 -30.0
15700 cosmos 0.729200005531311 122575571782.39221 22.5 10.523609748872264 0.509346 6.7013 0.5186 16.7489
15928 cosmos 0.221614283564716 8590079465.049229 9.5 1.885434401117741 0.780804 2.3084 0.95 45.0
15994 cosmos 0.3747 41210178644.024956 12.5 10.232048701237053 0.32217 5.0136 0.4245 -36.6264
16162 cosmos 0.7493000030517578 52354456776.83086 9.5 21.2388009741446 0.364092 1.9637 0.2562 -50.1896
16199 cosmos 0.9269999861717224 215982958014.7565 15.5 31.240750602015027 0.579036 4.1981 0.5478 -30.9598
16245 cosmos 0.6884 57830433252.86273 19.5 5.3666989466969826 0.85257 2.8563 0.65 -70.0
16249 cosmos 0.6826 79952707981.05942 11.5 24.191127573459873 0.38091 3.2263 0.5972 -77.7954
16487 cosmos 0.7549999952316284 17561166315.868572 10.5 12.22605814982254 0.594054 1.0923 0.5191 6.1894
16494 cosmos 0.3393 42238606642.17929 16.5 6.1852111578175215 0.926232 1.5334 0.65 -15.0
16499 cosmos 0.2212 28055195490.649277 15.5 2.1918222900809425 0.76839 4.4639 0.5 65.0
16538 cosmos 0.9020000100135803 62692162870.978745 9.5 29.297118598432622 0.27567 3.5126 0.312 -77.9651
16547 cosmos 0.683 33592512631.56306 10.5 13.178305991968005 0.349572 1.039 0.9412 5.0569
16563 cosmos 0.6834999918937683 124782012296.58676 16.5 18.39418084278985 0.625356 4.2598 0.5937 30.6842
16611 cosmos 0.7975 29946235855.569344 10.5 16.75395705415187 0.520008 1.2903 0.55 -45.0
16665 cosmos 0.7964 48436201741.26877 10.5 18.334660491504273 0.370902 0.9967 0.5357 51.405
16789 cosmos 0.3488 30055506494.859142 15.5 1.587804801840444 0.384858 4.6382 0.6566 -20.0578
16816 cosmos 0.3466 12176371207.922577 17.5 1.359888917622102 1.10516 1.2887 0.2564 -50.8296
16921 cosmos 0.8892999887466431 60276047901.19885 13.5 4.793080583150103 0.586542 0.6214 0.8544 -89.8895
17075 cosmos 0.5701000094413757 29914323881.875385 9.5 14.37231528689666 0.36168 2.6792 0.66 0.0
17415 cosmos 0.939 31938660137.672096 8.5 15.111486303354813 0.317172 1.4017 0.7303 62.1099
17554 cosmos 0.2652 37064512770.18957 20.5 1.3379684179155766 1.49164 1.3354 0.4013 -78.912
17578 cosmos 0.7567999958992004 43362506625.47783 21.5 2.721563122087223 0.68457 1.4517 0.3128 20.7997
17640 cosmos 0.21780000627040863 13608208904.713207 11.5 2.8944430801992613 0.644034 1.8216 0.3399 13.5904
17667 cosmos 0.8707000017166138 27901844805.03714 14.5 7.491435191134866 0.852636 1.7518 0.83 70.0
17700 cosmos 0.21979999542236328 11932854324.919607 8.5 4.86520788842669 0.742692 2.0566 0.75 90.0
17760 cosmos 0.5167 37074087332.09444 16.5 5.075295502892116 0.838218 1.2598 0.46 -45.0
17779 cosmos 0.352 34536406458.112175 12.5 4.393046353173063 0.451266 5.4314 0.8 14.0
17911 cosmos 0.8547999858856201 159340540518.20197 21.5 18.37709784061063 0.970302 2.7802 0.4776 -51.1109
17919 cosmos 0.8927000164985657 27468767474.953785 12.5 7.689887435936548 0.520206 0.9731 0.5469 -65.7124
18147 cosmos 0.8851000070571899 21139749090.256905 6.5 45.20076260652348 0.268386 2.5024 0.5599 60.51
18190 cosmos 0.6759999990463257 81475039872.32297 12.5 27.257391186193363 0.630942 2.6771 0.9 0.0
18296 cosmos 0.35207 123991425423.2614 26.5 7.995194453946056 0.98304 5.9412 0.63 -30.0
18435 cosmos 0.8432000279426575 15057701646.813335 7.5 22.296492171489014 0.449424 1.9198 0.5129 -44.889
18465 cosmos 0.850600004196167 24901946674.81071 10.5 4.574110165156041 0.411894 2.7381 0.5296 4.9849
18565 cosmos 0.8598999977111816 28057133222.02488 8.5 7.077794909754923 0.58473 0.48 0.2206 40.6159
18773 cosmos 0.4291999936103821 42215788596.93756 11.5 12.202857266355888 0.287784 3.1568 0.3946 -81.8513
18790 cosmos 0.22269999980926514 29694353730.332935 15.5 1.6755455914590827 0.6897 4.5924 0.5562 -80.2934
18919 cosmos 0.8992999792098999 23470545273.530594 6.5 17.228982938714402 0.286986 0.7167 0.3897 -37.8664
18982 cosmos 0.7260000109672546 25198934046.588356 10.5 12.110973318525087 0.441444 1.1944 0.4307 13.7619
19000 cosmos 0.9154999852180481 17518617683.884987 14.5 7.205188289207191 1.03267 1.0951 0.5289 57.0448
19065 cosmos 0.9039999842643738 43545148164.50782 12.5 25.849502362809915 0.65649 1.1559 0.8693 4.8383
19170 cosmos 0.151785943295461 13283522870.065145 12.5 1.9025290326243953 1.84621 1.0472 0.6 -60.0
19399 cosmos 0.22200000286102295 12803112376.550135 10.5 1.9558975158537644 0.713226 2.5243 0.8 20.0
19472 cosmos 0.6054 14299305223.933416 12.5 5.294536724384395 0.827796 0.8928 0.4903 35.0916
19639 cosmos 0.7020999789237976 19431567030.91528 12.5 7.375505038412105 0.429342 3.1436 0.8897 -75.0786
19670 cosmos 0.9117000102996826 13084467094.522552 12.75 2.6787872068472476 0.863196 0.4768 0.2197 81.0111
19758 cosmos 0.9329000115394592 26472499932.91301 10.0 9.63066800101774 0.55392 1.2061 0.2909 17.2722
19948 cosmos 0.7093999981880188 17766102629.479855 6.5 32.35375041688614 0.201498 2.1896 0.3671 50.8034
20018 cosmos 0.8898000121116638 153530461452.44833 15.5 29.321748638323108 0.324672 2.7717 0.69 90.0
20307 cosmos 0.2586 23487320455.580914 16.5 1.0593124875249698 0.903762 1.8372 0.5 -18.0
20349 cosmos 0.6887 29994743562.575542 17.5 3.4586797422992914 0.85479 1.773 0.5908 48.4641
20440 cosmos 0.7059000134468079 66582348868.12576 16.5 9.187985742658487 0.794694 1.4655 0.7 -40.0
20549 cosmos 0.2224 51849827301.08594 22.5 2.5890427335985535 1.97188 5.1931 0.9 -10.0
20606 cosmos 0.7302 58299563482.48069 15.5 9.096946845776502 0.592068 1.8184 0.331 -15.7635
20619 cosmos 0.3479 57458556302.77483 16.5 3.9663046099778114 0.700752 4.8474 0.5351 -68.5683
20620 cosmos 0.727 54454077759.8113 15.5 7.2363774595466825 0.594396 1.3238 0.65 -19.0
20657 cosmos 0.9049999713897705 22801768586.98278 11.5 13.279684917431975 0.625452 1.5419 0.5207 -4.7437
20680 cosmos 0.8522 60111383952.10531 20.5 4.329459887869035 0.881376 2.8541 0.7 -67.5
20705 cosmos 0.9251000285148621 20867882399.683643 8.0 16.231588021201887 0.219576 7.2232 0.25 -52.0
20795 cosmos 0.6557999849319458 189726409955.04132 20.5 11.298024224262107 0.807234 1.8577 0.3747 -23.9567
20931 cosmos 0.2649 29644157717.10274 21.5 1.002079949108424 1.24752 1.9243 0.2407 69.9142
21022 cosmos 0.2223 45687777951.85168 23.5 1.2813524924415893 1.06729 4.1618 0.5 -7.5
21027 cosmos 0.7289000153541565 47860873801.70843 20.5 4.7091601625878425 0.736638 2.3465 0.3831 -12.8563
21053 cosmos 0.7570000290870667 28416749825.02475 19.5 3.3661703373803866 0.97149 1.5189 0.67 -20.0
21226 cosmos 0.7268999814987183 25289701832.723797 8.5 21.571271002211525 0.348282 1.8353 0.8611 -75.3042
21332 cosmos 0.8935999870300293 12553490412.91546 5.5 32.4614684303626 0.285342 2.1516 0.8028 -80.4311
21531 cosmos 0.7494999766349792 65226810342.46981 10.5 18.12645406288247 0.250914 1.8259 0.5699 -10.0705
21725 cosmos 0.218 8866045912.588945 8.5 4.951444614971469 0.541482 1.3699 0.4376 -56.8434
21870 cosmos 0.655 22837474771.109936 12.0 4.143972714649271 0.461202 2.3534 0.2346 57.6261
21875 cosmos 0.8970999717712402 75274783302.40247 14.5 20.35746129811844 0.715734 1.9188 0.9108 27.8578
21894 cosmos 0.2197 22210050427.137444 11.5 3.3128586822095376 0.879954 1.8825 0.5685 -78.2227
21942 cosmos 0.9835000038146973 26157357172.60589 11.5 18.55572437168435 0.554916 0.9778 0.8534 -20.7104
22082 cosmos 0.5072 16431372364.26677 11.5 7.082955485293437 0.985506 5.6032 0.9 19.0
22097 cosmos 0.3384000062942505 17808390761.640198 14.5 2.3984716796203402 1.38976 1.0728 0.05 14.0
22125 cosmos 0.5996000170707703 30240626023.077606 16.5 3.77288992614595 0.884214 1.8534 0.86 -45.0
22228 cosmos 0.8992999792098999 204161722639.97498 20.5 17.637485524307806 0.65805 5.0064 0.5321 -11.5724
22492 cosmos 0.732699990272522 179123029792.14255 21.5 21.176706286046006 0.827766 6.2251 0.5 -20.0
22569 cosmos 0.895799994468689 133992907809.27574 18.5 12.001731423642651 0.537702 3.676 0.55 -15.0
22665 cosmos 0.911798 86253960616.63654 25.5 1.389763086921703 0.905064 2.1038 0.55 -55.0
22745 cosmos 0.831936 52278145845.39282 13.5 16.223462898783094 0.490482 4.4091 0.65 -24.4683
22754 cosmos 0.6280999779701233 37890346449.482605 9.5 15.4720128396337 0.311934 1.591 0.483 -44.0095
22918 cosmos 0.5058 15884320627.045502 11.5 4.625298047829093 0.633204 0.8846 0.5315 -7.6437
23000 cosmos 0.6705 35645515633.425476 7.5 34.127148534284316 0.2859 5.5147 0.5042 5.4678
23047 cosmos 0.977 19904072823.208035 11.5 10.64255407539219 0.642816 0.8088 0.7423 -49.1671
23196 cosmos 0.7278 60814738047.37438 11.5 23.810881483529514 0.243774 3.7157 0.4035 3.0363
23247 cosmos 0.7272 39878795817.6097 9.5 20.38479906201097 0.274344 2.2352 0.4175 -36.5823
23262 cosmos 0.5074 74039398236.57568 11.5 22.049842460850186 0.368148 2.7981 0.4753 47.5156
23949 cosmos 0.5069 104021270347.76613 17.5 11.94744673516214 1.07376 3.4056 0.61 -35.0
24070 cosmos 0.5072 143889745762.3107 16.5 17.583719094759193 0.347898 5.3051 0.46 -50.0
24501 cosmos 0.7283 18449688377.197556 12.5 4.042533090553897 0.63726 1.7637 0.86 -29.0
24541 cosmos 0.732478 44149091788.28751 11.5 19.174579077388927 0.428298 1.9094 0.8 -30.0
25104 cosmos 0.66694 38107988518.0371 10.5 25.453005462025544 0.368718 1.8612 0.7 -30.0
25518 cosmos 0.731 47767574804.763374 10.5 24.407451427287224 0.422526 1.265 0.78 90.0
26254 cosmos 0.5949000120162964 14809356338.496315 9.5 14.779165729071977 0.405312 2.5329 0.7423 -60.279
206 egs 0.8981000185012817 30584788858.3485 12.5 8.923653618165275 0.52854 0.8559 0.48 -40.2306
843 egs 0.6570000052452087 16934664242.07185 7.5 11.087650652160479 0.181218 1.9814 0.448 -83.4056
872 egs 0.9670000076293945 17184935512.523453 9.5 11.375642476706917 0.577788 1.2223 0.1818 -76.5059
927 egs 1.0974 156574765992.755 10.5 37.87323673069217 0.225546 2.2666 0.3791 -84.9138
1210 egs 0.2849999964237213 28805391754.314873 22.5 0.5500251392763961 1.33978 1.8379 0.188 85.0724
1712 egs 0.6206 33570017049.84698 13.5 2.107128424628285 0.45282 1.1251 0.498 -79.0115
2137 egs 0.8170999884605408 53539588288.83232 11.5 15.359879314377636 0.31365 4.8449 0.4658 7.261
2496 egs 0.5761 47429880783.255875 13.5 6.057067810664893 0.735294 1.2602 0.2527 48.5564
2567 egs 0.24169999361038208 10855564657.817352 11.5 2.000546984740262 1.00794 0.9777 0.5551 33.213
2828 egs 0.4244999885559082 25217196197.255917 10.5 7.734578637258655 0.361062 2.7714 0.75 -80.0
3020 egs 0.8378999829292297 20821914759.121292 9.5 7.0585559812511915 0.511776 1.3735 0.773 10.5
3212 egs 0.5761 48402451253.65984 14.5 7.400235476955098 0.461778 3.8028 0.5663 -22.1053
3342 egs 0.9894000291824341 47330679730.92596 15.5 3.494640795698511 0.643602 0.8458 0.3202 20.354
3353 egs 0.7908999919891357 54447462932.151955 11.5 9.561844228252689 0.386976 1.5211 0.921 15.1643
3674 egs 0.7911999821662903 27488162783.889065 9.5 15.102940225093121 0.345534 1.2403 0.4458 40.0325
3755 egs 1.0384999513626099 21772550291.01409 11.5 20.148063382621682 0.735918 8.0 0.5796 -5.8467
3756 egs 0.6711 31654475365.730648 12.5 5.805728234990227 0.44298 1.4821 0.65 -1.0
4030 egs 0.49720001220703125 83602945153.15063 18.5 9.499461057037715 0.356658 5.4521 0.5183 -1.2021
4046 egs 0.9039 81871175196.8572 19.5 3.3920115820828745 0.793914 2.1451 0.32 80.0
4104 egs 0.4365 34652422097.31847 12.5 7.934236054862662 0.686904 1.2825 0.6504 -79.358
4303 egs 0.5759999752044678 32608847326.680023 12.5 3.379772642392259 0.388848 1.7036 0.8195 -72.4907
4452 egs 0.9520999789237976 101026841678.8684 11.5 24.544713440600614 0.547662 1.5703 0.6105 -16.4057
4725 egs 0.8206999897956848 29526541885.012722 9.5 20.89563063776097 0.43788 0.7597 0.7153 -22.252
4794 egs 0.8981000185012817 39031165010.31775 15.5 11.820837283431837 0.655698 1.3685 0.7444 -20.3127
4798 egs 0.4634000062942505 36740834954.6377 14.5 6.705802754530509 0.358092 3.8603 0.3245 -80.6856
4947 egs 0.7509999871253967 36810318500.7598 14.5 4.9678015614546105 0.648708 0.8766 0.5145 27.6091
4965 egs 0.5705000162124634 66886582894.31656 21.5 3.728105948055817 1.06705 1.4735 0.5746 -89.5438
5047 egs 0.8030999898910522 11808562297.102758 9.5 1.2216708637713776 0.373464 1.9165 0.2905 -12.167
5369 egs 0.7519999742507935 17501845553.68398 14.5 2.957955530579925 0.70119 1.5135 0.6498 -12.3667
5491 egs 0.544700026512146 141774698805.90753 20.5 8.026894847606656 1.38379 3.597 0.9 40.0
5623 egs 0.43700000643730164 32777860456.6424 17.5 5.097775300839604 0.504972 4.368 0.5217 40.8009
5632 egs 0.710099995136261 89792572982.48409 22.5 2.361595482254353 1.13963 2.1161 0.2756 -51.6663
5706 egs 0.7095000147819519 23338002694.557354 13.5 2.6280211468746058 0.48108 0.4933 0.4997 -71.9839
5798 egs 1.0124000310897827 27381544617.57095 12.5 7.460489478947148 0.361176 1.4347 0.8513 -34.9398
6358 egs 0.3513000011444092 24440763695.638943 15.5 1.8388276018811012 0.416142 2.4615 0.4617 -30.8822
6568 egs 0.435699999332428 67798031774.34878 20.5 1.6093791374723478 0.814206 2.2639 0.547 63.6103
6664 egs 0.6586 15682185179.390375 6.5 9.83122943749748 0.15852 2.1964 0.5482 -1.895
6670 egs 0.46219998598098755 86048201360.17107 20.5 2.928698084748655 1.01958 1.7655 0.33 -44.2367
6986 egs 0.7182 14283458538.418688 8.5 7.667681142714378 0.212976 2.1288 0.4209 16.6205
7007 egs 0.2700999975204468 26063513635.266037 14.5 3.17943166233252 1.36928 0.9265 0.6323 8.5217
7175 egs 0.6469 21673135240.462425 11.5 7.347628470186417 0.639636 1.9477 0.3075 -52.7612
7401 egs 0.569 17051928222.352028 8.5 12.037140953107851 0.286896 2.7624 0.6413 -87.7194
7898 egs 0.7401999831199646 20631656237.87592 9.5 8.45752495550813 0.409392 0.9398 0.7694 55.3993
7945 egs 0.3932 31484390541.85666 13.5 5.003762252847455 0.521832 5.0289 0.8 15.0
8203 egs 0.7754 144100235143.86853 16.5 21.44174880227687 0.78108 1.2079 0.5821 66.5153
8252 egs 0.7361999750137329 66940375898.65682 13.5 12.243360749139338 0.23802 3.6351 0.4883 82.1364
8444 egs 0.5903000235557556 21038689690.876637 15.5 3.4931394281748522 1.00075 1.3253 0.2983 -45.5013
8562 egs 0.742900013923645 44016789352.808174 12.5 11.806378294566345 0.266484 2.9755 0.3248 -30.9031
8600 egs 0.7480000257492065 116625681154.77228 17.5 11.669449346056817 0.840462 2.0733 0.5173 -37.0557
8629 egs 0.7788000106811523 109630572750.25143 18.5 10.536129080439412 0.374076 3.8133 0.5349 36.28
8630 egs 0.38510000705718994 24289220955.644035 14.5 2.5568309805158878 0.639024 1.4063 0.3975 56.7795
8902 egs 0.3718999922275543 42361205286.8634 20.5 2.0014351971733664 0.996012 6.9517 0.44 60.0
9153 egs 0.7427999973297119 47578642683.404015 10.5 20.03559142648368 0.485706 1.17 0.5395 19.1479
9249 egs 0.7422999739646912 19201154235.754482 7.5 11.072646621955798 0.148926 2.0842 0.5155 44.3921
9376 egs 0.8701000213623047 24980655402.737423 9.5 8.248638654890168 0.378492 0.5633 0.5245 -66.5388
9462 egs 0.7608 27202498836.1471 13.5 6.942509916594125 0.595956 1.0259 0.25 -8.0
9570 egs 0.3513000011444092 26891814602.58564 16.5 1.3579464568730593 1.24566 0.8702 0.1542 34.5315
9650 egs 0.9557 41852717759.57063 7.5 43.49693400838221 0.17496 3.185 0.4518 2.9886
10010 egs 0.4041999876499176 28534537876.57589 9.5 9.78888832482839 0.492402 1.1827 0.5985 -38.3059
10487 egs 0.73089998960495 61890152722.61578 15.5 7.317904807242959 0.489618 3.1335 0.3866 -25.3104
10630 egs 0.36649999022483826 42776808265.50957 10.5 8.274272178907506 0.378264 2.6725 0.6087 -21.3251
11118 egs 0.6759999990463257 20942411501.542385 11.5 9.99756893190006 0.652476 0.592 0.4466 -77.5005
11385 egs 0.8253 68609642507.4722 19.5 4.486230063039773 0.871248 2.9205 0.4799 68.0677
12042 egs 0.4541 14838788031.73656 11.5 6.190851367133422 0.730242 0.6425 0.8633 -3.8116
12060 egs 0.9754999876022339 45561255557.37386 12.5 19.222149707529848 0.581412 1.4034 0.828 -35.8221
12124 egs 0.7498999834060669 75237429809.73267 10.5 22.62234710917178 0.286062 2.2643 0.3206 -17.3711
12138 egs 0.454800009727478 33528963732.349316 15.5 1.335889675623887 0.609852 2.2066 0.2915 21.7107
12539 egs 0.8230000138282776 40422507677.03308 16.5 8.919407019664158 0.831924 0.9122 0.8638 42.0338
12759 egs 0.41850000619888306 36430020922.19283 18.5 1.5862530437829916 1.0338 0.7285 0.63 17.0
12824 egs 0.6312000155448914 54993337187.584816 13.5 11.987895005179372 0.273102 3.4762 0.7082 -8.264
13058 egs 0.6396999955177307 25158100917.24401 12.5 3.5136959712486444 0.517134 1.0701 0.395 -88.1786
13490 egs 0.7376000285148621 32564373447.907608 12.0 4.955028213671124 0.481788 4.7053 0.2809 -9.5441
13519 egs 0.7437000274658203 31486383882.57423 10.5 10.405572625353342 0.319644 1.6 0.6083 66.6021
13533 egs 0.960099995136261 95350614209.28574 9.5 37.732248177875654 0.160692 3.5365 0.4159 86.9721
13582 egs 0.7429 28853040718.305595 10.5 14.300276008680449 0.362196 2.7089 0.4053 82.8359
13593 egs 0.8955000042915344 19920817215.141483 7.5 22.78671631293265 0.272184 1.2565 0.3737 7.1223
13677 egs 0.6696000099182129 139847084859.97397 31.5 3.075333682400746 2.10613 2.0242 0.8 -75.0
13833 egs 0.6302 306394017143.5462 28.5 8.483411922945601 0.912726 4.2842 0.5624 -46.4647
14252 egs 0.7781 67191589524.79145 21.5 6.522832917013834 1.03344 2.0648 0.5962 -48.8715
14358 egs 0.7477999925613403 60472781105.8761 16.5 5.879408534052472 0.635934 0.9078 0.3937 -55.2138
14470 egs 0.5166000127792358 17863412325.134872 9.5 2.7460938410107794 0.514014 1.0482 0.268 -34.9701
14575 egs 0.2957000136375427 23681737395.362907 12.5 3.1002564585996413 0.545874 2.3294 0.81 -30.0
14674 egs 0.6724 41078190031.5844 7.5 18.334651300782976 0.439608 0.4907 0.2855 69.3391
14677 egs 0.3767 90524601750.27014 28.5 1.4824309584279978 1.47695 1.6943 0.37 75.0
14827 egs 0.9508 150179110035.2103 13.5 24.626704198595895 0.39003 4.4335 0.61 -16.1113
15473 egs 1.0214999914169312 20851045071.01502 8.5 20.08729185267819 0.33495 0.8404 0.865 22.1631
15499 egs 0.5674999952316284 33007310528.85787 8.5 20.625325310371178 0.25716 3.4775 0.4604 23.1379
15795 egs 0.98089998960495 33148292391.60764 13.5 8.083691217162427 0.57915 1.8238 0.79 -30.0
16408 egs 0.9767000079154968 71447525425.51088 10.5 34.34263559415933 0.296892 3.2287 0.8259 7.657
16436 egs 0.2483000010251999 23426156198.19061 8.5 9.424528945863745 0.599898 1.1138 0.6424 0.5538
16498 egs 0.7315000295639038 74059280613.45062 15.5 8.645973015837416 0.772068 2.4154 0.9 45.0
16652 egs 0.9764000177383423 32845626445.440807 11.5 11.779906166133609 0.445116 0.6935 0.785 -34.882
16721 egs 0.2782999873161316 9646913086.89086 8.5 4.824610281800567 0.30453 2.5358 0.6329 14.8045
17146 egs 0.6520000100135803 27579855521.80632 13.5 5.142278434237475 0.500598 3.6096 0.7722 -13.9939
17204 egs 0.7689 45172028928.90477 8.5 24.536412572231196 0.299376 2.4304 0.7789 50.4929
17529 egs 0.7504000067710876 33155814604.959896 12.5 9.073209915321668 0.558384 1.097 0.8588 39.2102
17598 egs 0.7584999799728394 31824482065.864258 8.5 14.707766081720271 0.354504 1.1637 0.6032 69.2079
17922 egs 0.3711000084877014 38484150032.671524 15.5 4.209733511495526 0.772566 4.1538 0.9 80.0
17925 egs 0.680400013923645 29214864184.955265 13.5 4.810238278797987 0.596322 0.643 0.5951 -68.7671
18011 egs 0.5009999871253967 22883213078.624832 16.5 2.499827785330766 0.991434 1.4935 0.5999 51.8829
18017 egs 1.010699987411499 82058269496.23985 10.5 34.94370753507025 0.369252 2.413 0.6578 -53.0913
18328 egs 0.7454000115394592 61971955645.37906 10.5 19.449556980665967 0.238794 2.7456 0.5429 -31.6682
18551 egs 0.8369 76248294286.76727 8.0 96.5603701310674 0.187116 2.8646 0.6618 -27.1244
18846 egs 1.0047999620437622 21404260172.161427 14.5 1.825936032134282 0.425766 0.9262 0.9022 20.6337
18970 egs 0.9807999730110168 19159774902.33435 12.5 14.73422140396463 0.745386 0.8668 0.5429 -13.0658
18996 egs 0.6732000112533569 45018519149.91394 14.5 8.631779860367702 0.543624 1.6388 0.8124 82.1525
19003 egs 0.7541000247001648 41483993365.77691 11.5 7.922773979606088 0.360444 1.0432 0.903 53.677
19279 egs 0.3560999929904938 40235560300.03827 15.5 0.9797420612148157 0.617436 1.8781 0.7721 51.6948
19402 egs 0.34779998660087585 42670566228.409325 13.5 4.3992533674524426 0.43779 4.14 0.55 -45.0
19516 egs 0.5753999948501587 102480877539.10767 21.5 3.954390826454116 0.554286 4.2364 0.8 82.0
19555 egs 1.0432000160217285 24350799989.17066 8.5 10.551154281818391 0.290376 1.985 0.6192 63.9607
19586 egs 0.35260000824928284 20843014064.54941 14.5 2.1806823412200678 0.906894 0.7759 0.65 55.0
19866 egs 0.3559 87696636530.45418 26.5 2.7846251683905647 1.87765 2.917 0.17 -50.0
19868 egs 0.5090000033378601 17272087542.869614 14.5 1.5760513578595328 0.994578 0.9595 0.27 44.0
20181 egs 0.7458000183105469 18510970363.11835 18.0 1.6408356066032384 1.26017 0.5654 0.1677 2.2735
20537 egs 0.6904000043869019 43970345870.03451 16.5 2.4374921377303744 0.627432 1.5586 0.86 20.0
20693 egs 0.9370999932289124 97354535591.68701 16.5 18.165933341690305 0.854064 1.4022 0.5784 -73.8784
20708 egs 0.9075 20982348978.64706 9.5 8.729767358359059 0.423864 8.0 0.4576 -87.3796
20716 egs 0.9021999835968018 4213090106.815898 6.5 8.527658804827938 0.201342 2.2658 0.549 -70.356
21087 egs 0.9778000116348267 106403090546.73962 8.5 78.86391231285258 0.191334 3.6673 0.5003 -7.7196
21098 egs 0.9145 11617632881.805532 12.5 2.6345059286025 0.389442 1.8914 0.7251 10.7615
21205 egs 0.8763999938964844 23140344882.01667 10.5 6.715493457115971 0.392982 1.2993 0.6088 -23.4076
21571 egs 0.8264999985694885 54250872875.5608 13.5 10.272725338683548 0.557202 0.9255 0.45 -13.1567
22117 egs 0.9756 16282972989.84819 15.5 1.6247072832248952 0.80196 0.8717 0.2667 34.7789
22146 egs 0.7167 9400889444.694296 12.5 1.8475319664556917 0.772398 1.6737 0.1 -36.0
22296 egs 0.5759999752044678 49327552748.07434 17.5 4.574646888744963 0.750474 2.7212 0.6029 -9.3307
22882 egs 0.8450000286102295 36648138260.102646 7.5 18.51320075778682 0.200466 1.448 0.4898 77.1332
23221 egs 0.960099995136261 348341346967.7673 23.5 15.780300550095015 0.834078 2.5812 0.8 -15.0
23447 egs 0.6434999704360962 71375586415.35944 16.5 9.069184366115362 0.645744 2.977 0.9387 18.6643
23545 egs 0.7074000239372253 60705874867.8143 13.5 11.686571274739062 0.29607 3.6892 0.6062 -25.7974
23585 egs 0.7559999823570251 14745700989.060076 12.5 10.873798202815449 0.60318 0.879 0.7482 28.5932
23612 egs 1.0360000133514404 36007833194.12379 14.5 14.653656185345257 0.746172 0.6208 0.5854 -21.5493
23685 egs 0.8228 13480148773.309977 12.5 3.1475661378783553 0.64476 1.4651 0.4059 51.3422
23694 egs 0.7448999881744385 72017829914.9857 11.5 14.396673414538032 0.349698 1.7688 0.65 -10.0
23873 egs 0.6825 57592022737.66709 18.5 7.657941491088867 0.72762 3.266 0.3344 87.009
24199 egs 0.9866999983787537 24021272252.5456 10.5 15.539890989556824 0.467376 0.8943 0.8214 -49.6588
24209 egs 0.28110000491142273 10619527449.402582 19.5 0.8412405321436052 1.25516 1.4485 0.924 53.17
24542 egs 0.8952000141143799 12962576661.981697 8.5 16.343458245587797 0.706056 0.8858 0.5997 -23.3105
24718 egs 0.6435999870300293 209616941039.90973 22.5 16.997972821182042 1.29512 3.917 0.9 80.0
24815 egs 1.0286999940872192 130734605184.60007 10.5 50.36692577156691 0.331188 4.3823 0.6753 -1.5385
24826 egs 0.9749000072479248 53812919361.26821 6.5 74.23529664733213 0.293112 1.7615 0.6862 -69.8047
25021 egs 0.7832 37428442322.99005 9.5 14.567971813802899 0.155358 2.6172 0.4147 26.166
25033 egs 0.748199999332428 58499181593.74651 11.5 12.59575581121003 0.146214 4.1097 0.55 84.0
25113 egs 0.7482 84586137608.15479 13.5 13.234152206823365 0.370626 1.8171 0.5683 61.2764
25232 egs 0.7434999942779541 28795509652.310287 10.5 10.483525884501145 0.255432 2.1795 0.7222 23.8325
25253 egs 0.7459999918937683 43020768045.85149 13.5 7.980085817432284 0.583032 1.2415 0.55 -10.0
25288 egs 0.7682999968528748 64373712936.2465 15.5 10.644590334122295 0.644796 2.0159 0.8559 -49.307
25748 egs 0.9146999716758728 32447066737.496998 15.5 9.518097379317885 0.59052 1.9603 0.8693 -59.639
25856 egs 0.7585999965667725 56531387768.02877 10.5 20.636078182466388 0.277758 2.7659 0.5535 28.878
26138 egs 0.5777999758720398 141818755901.1334 20.5 8.55558082530323 1.77068 6.7676 0.9 20.0
26422 egs 0.6444000005722046 34339380496.649662 14.5 4.226776611255104 0.468834 2.1179 0.7584 75.6187
26859 egs 0.3459 27252551091.534184 13.5 4.093826966644749 0.574284 0.9423 0.3436 -18.1555
27091 egs 0.2865999937057495 27608749669.624184 24.5 0.37035058002653803 0.896982 3.002 1.0 55.0
27292 egs 0.8932999968528748 21382749273.365765 11.5 5.953713869131561 0.304098 1.2344 0.8517 -84.7862
27298 egs 0.8486999869346619 61554564539.34703 18.5 9.72692690080469 0.757782 0.9366 0.6619 -35.4532
27328 egs 0.8974999785423279 28688124672.009335 6.5 22.614265425572377 0.179364 1.6997 0.6534 39.485
27488 egs 0.9718999862670898 58431676217.319275 11.5 12.209349833517186 0.329502 3.6318 0.7 -45.0
27508 egs 0.34869998693466187 17612220002.305325 14.5 1.808328690558089 0.747912 1.0189 0.4701 -30.0773
27514 egs 0.970300018787384 13294423868.770456 10.5 6.189872192059614 0.569484 0.8937 0.6181 -59.6916
27825 egs 0.20080000162124634 11256773008.051868 10.5 1.6760243303339644 0.655278 1.61 0.7414 -22.4155
27857 egs 0.7372000217437744 81521423551.07225 15.5 9.47945530962451 0.31686 4.8567 0.5536 58.7147
27888 egs 0.7455000281333923 42613976326.64768 12.5 12.42375799847541 0.392118 3.8421 0.5107 -26.427
27894 egs 0.9501000046730042 15943692470.49305 18.5 6.439036106162057 0.95943 1.0588 0.67 0.0
28022 egs 0.7225 32634821463.426502 10.5 5.405729936664379 0.388608 1.03 0.4216 4.2484
28094 egs 0.9523000121116638 16092547225.253128 13.5 4.805029991680035 0.814416 1.1063 0.792 80.9877
28100 egs 0.8079 41624799574.823425 10.5 16.535535630578654 0.376446 0.9506 0.71 0.0
28144 egs 0.26339998841285706 42006090794.168945 25.5 0.8340998818939048 1.71582 1.3576 0.9 -15.0
28374 egs 0.682200014591217 66345343895.63145 12.5 13.86363221203115 0.303744 3.7396 0.2801 29.1938
28379 egs 0.779699981212616 24949002583.549473 11.5 6.983126095448588 0.63354 1.1645 0.8372 -14.1273
28510 egs 0.2842000126838684 14516507462.928173 12.5 2.406629405543268 1.06099 1.3148 0.7993 59.8018
28539 egs 0.9803000092506409 22038366991.601368 12.5 19.961211451432785 0.562296 8.0 0.6429 0.2825
28569 egs 0.8446 17378214773.031986 6.5 14.070654153608425 0.038088 7.9837 0.4 0.0
28701 egs 0.7433 14732600199.889875 12.5 4.434306356973524 0.547308 0.7936 0.4561 76.0636
28874 egs 0.7095999717712402 39606810453.51518 15.5 9.749303439920372 0.98991 1.4863 0.41 -25.0
28919 egs 0.8839 169882422455.0967 19.5 15.335497312277226 0.914676 1.109 0.5867 -49.7776
29039 egs 0.9708999991416931 43847156313.39767 10.5 1.3306998368329805 0.161214 4.5823 0.2957 43.8934
29176 egs 0.5703999996185303 16875459791.632315 11.5 6.080613105565239 0.482784 2.2739 0.7032 17.5658
29234 egs 1.0555000305175781 18924761007.38113 5.5 70.29142550461789 0.311322 0.688 0.5405 -19.6762
29291 egs 0.5997999906539917 27925770195.628826 16.5 6.147581527471502 0.955086 1.0555 0.4761 -24.7079
29328 egs 0.7328 156944530755.14984 22.5 9.222432171794592 0.548328 4.7823 0.5342 73.5766
29490 egs 0.4381999969482422 21450044614.862267 8.5 7.708783156790635 0.244596 3.2016 0.8689 -48.9646
29598 egs 0.7427999973297119 31055848929.990227 11.5 5.871085766021082 0.690768 1.1179 0.1891 -62.0498
29804 egs 0.7318999767303467 31392494307.6151 11.5 14.268873609918373 0.549078 1.4094 0.8519 -36.0546
30017 egs 0.8105000257492065 43386355834.66774 10.5 21.26428526271697 0.30516 2.3697 0.265 86.0457
30033 egs 0.4625 13016789732.156197 11.5 3.1734737359295417 0.814494 0.9426 0.9394 58.7124
30131 egs 0.7106 31631545828.012493 12.5 3.163247409926901 0.399474 4.2494 0.5032 -58.2308
30153 egs 0.34380000829696655 29954841964.00868 12.5 3.549757236181254 0.495192 3.0893 0.78 0.0
30433 egs 0.7853999733924866 51720725572.97593 18.5 3.5488064787288494 1.01098 1.8547 0.6878 10.4024
30440 egs 0.4345000088214874 50331415034.94574 12.5 3.707539099739223 0.348414 3.5943 0.7902 -21.7512
31099 egs 0.37279999256134033 42492299132.89737 15.5 2.17134618885294 0.406554 1.7325 0.75 -25.0
31180 egs 0.6696 49697183187.48834 10.5 19.749503595548394 0.238038 4.2094 0.4873 31.0846
31431 egs 0.5468999743461609 63047192344.51703 17.5 6.707360984687803 0.99384 3.1079 0.65 -50.0
31460 egs 0.9583 71483244943.40082 14.5 19.319412091699782 0.525336 0.95 0.8 45.0
31604 egs 0.9944000244140625 11266794299.920532 10.5 6.860706469265921 0.805626 0.3401 0.2697 53.8206
31677 egs 0.7425 55929224425.33948 17.5 11.855854573298153 0.92262 1.941 0.3416 10.3538
31768 egs 0.54830002784729 90927765488.93748 19.5 7.2378686964541235 1.17277 1.8297 0.75 -20.0
209 goodsn 0.9685 31047511818.7986 7.5 18.937023540251467 0.315378 1.536 0.85 35.0
284 goodsn 0.6348 45304633770.56298 11.5 16.353176975167468 0.541266 2.2581 0.9526 78.6945
529 goodsn 0.639 70987292348.48622 18.5 6.723383024527908 0.79053 1.1048 0.75 -78.0
632 goodsn 0.6344 56128613930.99614 12.5 12.220093332504696 0.49221 0.7767 0.8601 -47.7483
768 goodsn 0.906 33119879582.174236 16.5 3.235152500240762 0.903036 1.3897 0.8248 15.1504
777 goodsn 0.6381 43258449951.96038 17.5 1.9280165049370808 0.65037 1.1625 0.261 -2.0054
912 goodsn 0.595 95266243495.44228 16.5 6.816667518667647 0.73527 4.8045 0.6837 19.4793
1184 goodsn 0.9712 20601413114.484684 12.5 9.297145726762821 0.785058 0.7157 0.5862 -24.4033
1188 goodsn 0.559 8467223364.712174 14.5 0.9088547312807679 0.80478 0.6699 0.2425 73.8916
1236 goodsn 0.61 19086833385.832253 7.5 18.901591640172985 0.241488 1.2365 0.5485 -68.0358
1275 goodsn 0.9372 16192797263.966372 9.5 8.48873404747654 0.454872 3.8932 0.5031 56.8191
1281 goodsn 0.8458 32295197104.835846 11.5 19.263622235039463 0.309342 5.6644 0.4137 -26.9918
1509 goodsn 0.845 27866622490.96082 15.5 5.325762298175409 1.11332 3.4785 0.8024 -49.7025
1656 goodsn 0.4751 39161188167.38043 13.5 8.469836946293242 0.667524 0.67 0.3445 16.4603
1682 goodsn 0.5609 17019434947.625765 14.5 3.833059479213214 0.942522 2.6856 0.97 -45.0
1741 goodsn 0.97 65573090989.0185 9.5 33.02431660359784 0.273012 1.6937 0.6 -14.0
1750 goodsn 0.6362 54178223198.594284 16.5 4.102235278887631 0.652644 3.6731 0.8765 -61.4469
1753 goodsn 0.677 31680521187.577934 7.5 27.61472069637235 0.16467 3.1413 0.4835 -79.7735
1760 goodsn 0.934 117657997187.97935 14.5 28.589496213389044 0.329388 2.5282 0.66 -70.0
1785 goodsn 0.9712 130073561152.26575 16.5 25.30148320688046 0.814614 4.5831 0.85 -30.0
1786 goodsn 0.5603 129663286653.13327 19.5 6.430568171223083 1.18529 3.3274 0.74 -30.0
1808 goodsn 0.519 58480214089.55664 15.5 8.071006451772789 0.63981 2.2778 0.3485 -54.0888
1902 goodsn 0.8405 22005013556.672924 6.5 34.69905101122549 0.295242 0.9206 0.6816 -62.1588
2001 goodsn 0.955 45660358692.582245 12.5 5.109257196407495 0.410442 0.9313 0.5 70.0
2013 goodsn 0.704 20275449452.113586 15.5 2.156922196905977 0.525222 1.4472 0.7838 -33.6941
2042 goodsn 0.9537 201101561812.6258 31.5 5.01939677949847 1.79703 2.8023 0.925 90.0
2082 goodsn 0.561 30913761942.72473 14.5 3.280915656636134 0.660954 1.4012 0.6891 -10.2834
2104 goodsn 0.791 86393044198.93443 12.5 16.098633989256786 0.365514 3.3282 0.4835 85.1714
2302 goodsn 0.960099995136261 44437206058.414246 10.5 21.654806330380435 0.342174 2.5021 0.3208 45.8304
2436 goodsn 0.409 66472069090.14353 13.5 13.908441242704749 0.490098 5.8901 0.4338 -21.3062
2553 goodsn 0.8428 119390310555.75385 14.5 22.78675894343488 0.24363 4.0397 0.6 -49.0
2618 goodsn 0.6372 34179881629.478092 25.5 1.6859339425077025 1.61365 1.9026 0.16 -69.0
2726 goodsn 0.843 110697427741.98059 16.5 7.341709853153443 0.539442 4.4695 0.78 -25.0
2752 goodsn 0.8422999978065491 32778901974.358875 12.5 3.2448958951580327 0.508182 2.0763 0.2348 88.4799
2899 goodsn 0.9543 81632200689.4184 10.5 34.13626143190884 0.18099 4.0703 0.6576 -46.5456
2907 goodsn 0.955 27814760887.234352 13.5 5.038407214116964 0.542286 0.6492 0.3909 13.3568
2920 goodsn 0.419 33271469084.81664 13.5 6.808843085123357 0.51636 1.5903 0.39 75.0
3008 goodsn 0.7666 64035648153.28894 12.5 11.909967162502088 0.739776 1.8684 0.85 40.0
3181 goodsn 0.5609 42022655941.77177 11.5 8.509816908246115 0.223728 2.26 0.8 -11.0
3233 goodsn 0.5177 9716784667.046953 13.5 0.23030264260471228 0.76398 0.7515 0.2776 -65.2556
3305 goodsn 0.874 57966888358.309944 15.5 3.205562636852807 0.795108 1.5401 0.2762 -66.4707
3360 goodsn 0.5284 50769206095.750145 11.5 10.312988314629429 0.411216 2.2656 0.8636 64.2665
3632 goodsn 0.845 102278289441.16316 16.5 13.27278185536642 0.831186 4.207 0.4479 21.4906
3807 goodsn 0.9290000200271606 101486149483.37909 14.5 22.401237726326745 0.565056 3.2356 0.301 -7.0
3818 goodsn 0.935 68767026044.52261 10.5 19.8516223728169 0.373086 1.4646 0.7978 -29.1327
3875 goodsn 0.753 17595152948.894104 11.5 4.748801891238383 0.513816 1.4176 0.3095 53.6723
4037 goodsn 0.748 19954525610.795574 15.5 2.819962108163146 0.749238 1.0491 0.3006 -61.0299
4064 goodsn 0.456 43827847934.52212 17.5 3.986336129587921 1.07721 1.2543 0.5771 64.8721
4178 goodsn 0.9621000289916992 46863838497.78133 10.0 3.9906465566413716 0.3102 1.7875 0.2558 -25.3828
4212 goodsn 0.748 43226523020.51353 14.5 6.490615746681073 0.702198 1.4077 0.5878 -46.4353
4227 goodsn 0.5083 19384672355.298557 8.5 12.173369220751798 0.318162 1.5732 0.6884 89.5923
4504 goodsn 0.937 47602507759.57881 10.5 15.262150574483986 0.514026 1.1757 0.45 50.0
4515 goodsn 0.9366999864578247 38282771142.47483 10.5 4.093141431521392 0.482112 2.3799 0.2426 -60.9075
4600 goodsn 0.1363 14726357442.302696 17.5 0.32022289175176955 1.689 2.9656 0.7909475733092717 107.3915608316058
4689 goodsn 0.9365 27804122501.556614 21.5 3.956887594575961 1.20199 2.3285 0.503 52.1595
4700 goodsn 0.747 41332136220.49494 17.5 5.110152862696736 0.853212 1.2209 0.4433 -83.4717
4799 goodsn 0.41 25261207288.34664 10.5 5.6451063250901585 0.468936 0.8498 0.6182 -42.8469
4810 goodsn 0.696 17367744747.473305 10.5 2.3658964168806897 0.584082 1.0826 0.2731 87.5921
4963 goodsn 0.6337 21331258452.818546 11.5 10.002843566627277 0.534564 1.0451 0.7708 62.055
5023 goodsn 0.6373 60852985635.59848 9.5 23.228492717913415 0.390024 1.7885 0.7421 78.337
5049 goodsn 0.642 14688884439.048273 11.5 7.594360138432762 0.610212 1.1812 0.859 54.6646
5104 goodsn 0.4099 18430947615.330803 14.5 3.193461938826257 0.417666 1.9846 0.725 35.0
5195 goodsn 0.979 153058119696.13144 19.5 13.251398468772702 0.682896 4.9473 0.75 -1.0
5260 goodsn 0.97 51187691055.71986 13.5 14.203771067906683 0.73215 3.0347 0.75 10.0
5656 goodsn 0.507 52421925700.96439 25.5 4.110602833398467 1.08663 2.1127 0.3345 -35.3292
6005 goodsn 0.568 24819964696.32009 9.5 25.66012731674815 0.486468 1.8622 0.3119 -16.6795
6027 goodsn 0.423 8825427316.262669 14.5 0.8885223402897301 0.654132 1.4942 0.26 30.0
6051 goodsn 0.4089 45859070224.868225 19.5 1.947796173019604 0.407892 3.9347 0.1 -22.5
6065 goodsn 0.5178 20469522534.010532 8.5 10.692520216714275 0.20034 1.7534 0.3646 -72.2817
6166 goodsn 0.638 59649155205.79481 12.5 14.192424182130416 0.620736 1.7592 0.9 -35.0
6273 goodsn 1.014 113547104875.04312 14.0 24.08483383509181 0.767544 5.2842 0.23 79.6326
6323 goodsn 0.5594 30501495672.41623 10.5 9.784168658174414 0.382362 1.1357 0.4305 48.0429
6379 goodsn 0.7482 49679176422.80107 9.5 20.26690172150353 0.35316 6.1182 0.9793 -71.3665
6537 goodsn 0.9447 69471734703.70078 7.5 31.355600855954556 0.275388 1.9198 0.9274 -63.8452
6642 goodsn 0.938 103932764947.7136 15.5 8.096175991858543 0.609852 1.1427 0.75 60.0
6645 goodsn 0.9029 256102492851.84183 18.5 28.407999708849964 0.352254 3.0851 0.523 78.6558
6916 goodsn 0.8040000200271606 19017890470.63933 6.5 24.127186135389966 0.230814 1.0939 0.452 67.5171
7291 goodsn 0.8429 101864763009.09163 10.5 51.53129918403468 0.192306 3.4025 0.5423 79.7528
7343 goodsn 0.9837999939918518 14657501437.675264 7.5 30.12505891525702 0.451788 1.0723 0.3526 -56.6259
7808 goodsn 0.788 29366835297.634148 20.5 3.105204490967026 0.768114 1.6254 0.7086 -40.6319
7923 goodsn 1.0164 209715086805.8307 21.5 11.988432630973891 1.03294 1.7653 0.71 -40.0
7961 goodsn 0.96 29374843903.05147 11.5 9.79149659429302 0.342654 2.1252 0.5578 13.4464
8014 goodsn 0.6555 19156293111.322815 8.5 6.143283306452116 0.239856 1.6113 0.6112 65.2634
8032 goodsn 0.8392 36192491466.03101 15.5 5.3426326600652905 1.01831 0.8896 0.1876 -43.2773
8046 goodsn 0.7657 22858906660.39969 17.5 0.3791800696229811 0.91011 0.9553 0.1961 -79.607
8141 goodsn 0.8413 45532209870.02131 13.5 10.403729420840559 0.48582 0.9914 0.5798 27.7635
8282 goodsn 0.9032 111476026419.48398 17.5 4.031772861832035 0.645348 1.7715 0.8674230991233473 10.0
8305 goodsn 0.959 56165508026.40137 12.5 15.78144640880229 0.565854 1.9622 0.75 45.0
8453 goodsn 0.7793 16103113786.665537 13.5 7.946708609102849 0.914172 1.0063 0.7 90.0
8613 goodsn 0.5035 19441385647.117405 13.5 2.4143194648074084 0.864948 1.4232 0.8491081722951532 0.0
8675 goodsn 0.4568 13242654754.32179 15.5 1.8081834185317003 1.22273 1.2068 0.2464 -52.153
8763 goodsn 0.4581 29955656077.674416 16.5 2.4915870079309164 1.15842 2.1377 0.6151 -17.5984
8781 goodsn 0.9295 41909495615.09024 9.5 20.42994813677059 0.588558 8.0 0.5183 74.7803
8917 goodsn 0.8517 116121955998.34874 15.5 12.532627932632108 0.642696 3.2459 0.6156 36.135
8996 goodsn 0.6551 14099811570.296997 9.0 3.7022333146052424 0.212148 2.9287 0.275 40.796
9009 goodsn 1.0155 167977004859.55884 18.5 8.022831357841056 0.636876 2.6006 0.3179 -75.8771
9106 goodsn 0.6736000180244446 25566366757.825813 11.5 3.4257336038864135 0.514122 1.6463 0.2653 40.4513
9217 goodsn 0.7471 15792108383.687223 6.5 24.76042032462219 0.179976 1.8373 0.3774 5.5355
9249 goodsn 0.9057 24699054141.511864 13.5 6.924046286259355 0.541524 0.965 0.1845 -20.4107
9286 goodsn 0.963100016117096 28101112882.61503 8.5 37.48130847532447 0.389772 1.5339 0.4584 41.2929
9386 goodsn 0.8477 194017364343.7708 24.5 4.052952340468282 1.09504 2.6254 0.8511 89.449
9401 goodsn 0.9585 157369769769.24637 22.5 11.680093611095248 0.85197 3.0786 0.3169 -51.1405
9688 goodsn 0.8865 23700676948.72433 15.5 3.5792019853683823 0.821628 1.3605 0.8952 -21.6665
9846 goodsn 0.842 23100976265.66536 15.5 1.9491780956022586 0.765732 1.4742 0.6946 -45.6602
9926 goodsn 0.5625 214957767680.66577 24.5 6.926422264105844 1.13006 1.6241 0.5363 -12.2943
9969 goodsn 0.9617 58552630256.982704 11.5 22.0150292442194 0.471246 5.3581 0.95 45.0
10266 goodsn 0.458 17418029317.443974 19.5 0.8711901905540597 1.21253 1.3828 0.2942 -83.4448
10363 goodsn 0.8457 122625415115.59036 15.5 16.29983995167552 0.263664 4.667 0.6112 28.8106
10368 goodsn 0.632 20382391182.628254 18.5 1.2217069587572538 0.9579 1.2963 0.1991 -8.4368
10411 goodsn 0.8294000029563904 13489276773.28413 7.5 12.564692859790851 0.540438 8.0 0.4624 -2.875
10494 goodsn 0.909 55678844061.02129 17.5 1.9389034240103413 0.61434 2.5481 0.3464 36.2761
10500 goodsn 1.023 225117564450.81027 18.5 20.8668071312949 0.660468 4.645 0.69 75.0
10676 goodsn 0.846 57080694783.17935 17.5 3.2376667433369204 0.380358 1.7306 0.8806 48.1863
10689 goodsn 0.5592 38853639895.664505 17.5 0.7855435009089234 1.00841 1.0829 0.2561 -10.3799
10740 goodsn 0.909 28856259176.238976 8.5 21.31553337595304 0.333762 1.1725 0.592 50.6671
10790 goodsn 0.6419 57182449164.55571 15.5 6.030882272112192 0.632574 1.8009 0.6851 -77.0269
10801 goodsn 0.5565 19562289311.337116 15.5 2.381247002691662 0.874374 0.8892 0.8116 23.2637
10991 goodsn 0.6881 33792051326.472385 15.5 3.2055723070286937 0.899964 1.6573 0.75 -84.0
11025 goodsn 0.4725 17058796570.673214 8.5 11.947112604245063 0.229146 4.1301 0.2803 34.1972
11115 goodsn 0.5178 109830552759.61324 25.5 2.4355093568922617 3.19892 6.678 0.4469 18.6933
11154 goodsn 0.937 63963454970.9798 17.5 4.175026918503077 0.61968 1.0856 0.325 -1.7089
11160 goodsn 0.4843 35496157393.84083 16.5 3.1076242098690665 0.75348 0.8505 0.35 -78.0
11181 goodsn 0.634 15351324762.874247 9.5 1.9424844104055208 0.367212 1.417 0.2593 -60.77
11404 goodsn 0.845 11766328643.671553 9.5 4.450975022879531 0.41502 1.0028 0.4595 59.2687
11535 goodsn 0.8493 28875038740.80975 18.5 2.4265625965712454 0.727068 1.4741 0.3129 75.7202
11563 goodsn 0.49709999561309814 7567427124.506454 8.0 3.313554853532323 0.364176 1.2657 0.2183 -64.6271
11825 goodsn 0.845 63522556739.417725 13.5 10.02166773225921 0.548508 1.1396 0.9 0.0
11952 goodsn 0.476 38458549907.959564 13.5 5.592647557652494 0.434898 1.8076 0.633 -75.0362
12184 goodsn 0.4362 30776088994.492344 9.5 14.002062509909898 0.362856 1.9881 0.346 -17.7221
12246 goodsn 0.853 66145251093.01481 9.5 33.48356749233925 0.306786 3.9741 0.8051 -76.613
12391 goodsn 0.7784 15921627712.234526 12.5 2.409803509089371 0.647088 0.9531 0.7756 -59.0443
12740 goodsn 0.839 174274976017.77045 21.5 9.438224096773677 0.573972 3.4837 0.5277 22.7721
12874 goodsn 0.557 41444166194.89122 12.5 10.957319630771586 0.505554 2.2331 0.4399 25.1637
12980 goodsn 0.4845 21418138507.192497 11.5 3.848268238972522 0.393342 0.9212 0.5506 30.2564
13085 goodsn 0.478 63136973478.4154 22.5 2.355590031874188 1.52483 0.9777 0.1945 -17.9682
13256 goodsn 0.85 23538475081.923656 12.5 14.245721803180446 0.499116 2.7463 0.3401 -9.4825
13295 goodsn 0.5561 35363544111.214424 13.5 4.245510514877646 0.533922 1.1371 0.5071 -64.3407
13353 goodsn 0.4742 108314265698.99203 21.5 5.321225458677505 0.674226 3.2367 0.5312 22.8754
13537 goodsn 0.8405 142200251029.45526 21.5 8.296129194288087 1.26436 3.2468 0.8816 84.4046
13608 goodsn 0.4735 16205796019.560411 10.5 5.120149901374147 0.312888 2.5153 0.5879 -33.2008
13676 goodsn 0.7517 26948253830.279095 11.5 4.909404208611209 0.28245 1.4707 0.5137 78.955
13872 goodsn 0.4754 25937537025.417744 15.5 2.6934378920330375 0.49032 3.2519 0.65 -60.0
13936 goodsn 0.9966999888420105 18529771706.28143 6.5 34.900042962564584 0.21435 1.5888 0.3416 52.2939
13984 goodsn 0.8494 22402654376.528145 12.5 5.655039809092402 0.587052 0.4562 0.6227 -10.4681
14264 goodsn 0.772 31274591311.418064 12.0 3.139186822045864 0.592722 2.2827 0.2172 82.231
14486 goodsn 0.4753 7370417782.793337 11.5 1.8446171057258474 0.363462 2.3371 0.15 -82.0
14515 goodsn 0.948 266624896741.0824 16.5 42.16232842258785 0.953712 2.3921 0.8173 77.1487
14553 goodsn 0.517 69419587185.3032 19.5 4.358880823922623 0.581922 3.454 0.4601 -24.0961
14560 goodsn 0.4855 44993527006.87937 14.5 3.9705988234575544 0.73527 1.0738 0.875 0.0
14603 goodsn 0.971 155152514467.96576 18.5 7.372788000569934 0.703152 5.3798 0.51 2.5
14726 goodsn 0.5639 147323486001.16534 24.5 3.7388398355627026 1.27036 5.2582 0.75 -66.0
14786 goodsn 0.561 55580187252.8742 15.5 6.112158266788596 0.580986 2.1111 0.55 78.0
15018 goodsn 0.2995 20750920676.465183 11.5 6.725452002474421 0.929982 0.8435 0.2 80.0
15072 goodsn 0.643 29627358050.38233 9.5 14.571698792377752 0.360492 0.9418 0.5743 68.711
15117 goodsn 0.94 92012071786.96346 16.5 10.591289644147881 0.448032 2.0855 0.6738 -30.1998
15138 goodsn 0.6766 80434080419.52644 15.5 10.294666790949659 0.67485 3.0827 0.9 -45.0
15324 goodsn 0.7814 20255721092.109238 10.5 6.998763114794299 0.493674 3.1927 0.2712 -81.042
15488 goodsn 0.7969 38327164819.004745 10.5 12.221995312351517 0.364284 1.584 0.9 -80.0
15535 goodsn 0.761 57860381811.02442 13.5 7.5874999811693264 0.441804 0.7319 0.6153 -47.8401
15649 goodsn 0.5116 143456556436.14798 15.5 18.624438046550967 0.44211 3.2963 0.5 60.0
15657 goodsn 0.9115 25541522450.898834 10.5 7.017397886528199 0.27753 1.8021 0.5945 66.0767
15763 goodsn 0.9354 149346096664.41293 17.5 2.013673578729036 0.655422 2.4664 0.2886 23.9899
15778 goodsn 0.849 67626429334.5468 12.5 15.627528770384352 0.54321 1.467 0.6149 35.5852
15792 goodsn 0.2533 15312183729.158243 13.5 1.318610301456197 1.04678 0.9173 0.5951 28.7456
15822 goodsn 0.8495 44104260053.59426 14.5 9.21458024228941 0.489492 0.9569 0.3905 -29.5982
15936 goodsn 0.6802 95309935213.02615 15.5 19.07369499547577 0.717924 4.0074 0.4934 7.6801
15997 goodsn 0.5106 131046267138.18396 16.5 13.2311904430777 0.685698 4.5409 0.7 12.0
16013 goodsn 0.8213 19541799921.456474 10.5 10.05545821161937 0.363366 0.6999 0.7212 1.8885
16055 goodsn 0.971 24151012289.610027 17.5 3.9019068965708312 0.852996 1.2595 0.8863 40.2868
16069 goodsn 0.799 22815551867.402115 8.5 22.01535859781347 0.319014 1.0264 0.3933 84.2988
16451 goodsn 0.9377 169898786397.14102 11.5 53.93731791989159 0.217974 4.9479 0.3843 -54.0443
16536 goodsn 0.524 24340142054.801674 10.5 6.48219421353286 0.466524 0.9727 0.5123 43.3303
16605 goodsn 0.6827 37240910870.40745 16.5 3.7845587350779426 0.568248 1.6697 0.3785 -63.2116
16607 goodsn 0.8392 17619376724.50993 15.5 3.081006833883263 0.468522 0.9228 0.4192 -65.5575
16640 goodsn 0.679 47299304658.93565 14.5 6.859924661388195 0.548964 1.3232 0.7 0.0
16659 goodsn 0.8785 21302929003.682846 7.5 12.52058488278156 0.214488 1.1286 0.47 8.0471
16754 goodsn 0.6419 109165255314.10896 19.5 6.102950695181658 1.01936 4.5179 0.9 30.0
16803 goodsn 0.913 51382992396.212105 14.5 2.8578068853313296 0.721452 1.2965 0.2858 -5.804
16930 goodsn 0.56 35535390106.875206 14.5 3.4547454512927276 0.67827 0.8723 0.6515 -40.3236
17024 goodsn 0.6817 22818219823.473328 9.5 2.4497646311540695 0.28824 0.8939 0.7179 70.3141
17293 goodsn 0.2013 3435834727.136569 15.5 0.14936208727011768 1.03306 2.26 0.05 -60.0
17329 goodsn 0.3766 18437181176.075253 17.5 0.959789911705928 0.754266 1.9253 0.3399 -56.9498
17367 goodsn 0.4566 38777755293.094154 11.5 10.011599201915175 0.257766 3.7224 0.574 34.8033
17396 goodsn 0.454 44727976601.45298 11.5 12.147851174487098 0.323622 2.6822 0.355 32.1364
17511 goodsn 0.85 62271630160.26514 12.5 13.638077094050466 0.47589 1.2006 0.8248 7.5465
17745 goodsn 0.9419 30209799868.830994 9.5 10.691650956020798 0.341934 1.5411 0.6628 -81.8991
17798 goodsn 0.917 34662607657.451416 12.5 11.247626358165167 0.615168 1.6959 0.875 30.0
17893 goodsn 0.189 34842419197.310135 21.5 1.2361279799730631 2.44261 0.8717 0.1 -20.0
18048 goodsn 0.9359 23100793137.16992 10.5 7.968908930379328 0.260166 2.427 0.6391 -7.2402
18204 goodsn 0.8575 183655655451.50568 20.5 6.747112424913555 0.850194 2.6764 0.6193 44.3287
18225 goodsn 0.4598 93697260140.70084 16.5 6.053087880450375 0.747576 3.8331 0.4007 -35.4283
18257 goodsn 0.849 46565860887.3348 11.5 12.634403120120126 0.27504 3.5496 0.65 -20.0
18260 goodsn 0.8545 32233440522.297943 15.5 9.43233326654299 0.74181 1.4952 0.6245 17.5917
18389 goodsn 0.5124 77950094619.01567 21.5 1.7798172102286896 1.36876 8.0 0.95 182.0
18527 goodsn 0.97 24277657599.78535 7.5 35.977136831021674 0.314004 0.9653 0.5616 26.2097
18594 goodsn 0.476 22617739063.87206 19.5 1.4875601525927469 0.771258 1.9843 0.6426 -43.7106
18795 goodsn 0.843 36452566867.178185 12.5 6.541079107989504 0.41271 1.8128 0.52 45.0
18824 goodsn 0.8524 19482624140.012123 7.5 11.460039007008314 0.22911 1.4348 0.9528 10.4365
18872 goodsn 0.936 29342971708.930077 14.5 6.033829549982795 0.63213 0.8733 0.4 -35.0
18890 goodsn 0.7837 35492946093.17788 12.5 9.405701370897162 0.380664 1.0658 0.8 -40.0
19097 goodsn 0.9358 160095253674.59863 18.5 14.236308748587618 0.813504 1.8318 0.7442 -60.5274
19289 goodsn 0.6334 29448322537.20377 15.5 2.4715087359180656 0.333162 4.4745 0.492 -49.2048
19517 goodsn 0.9403 189682384889.8689 19.5 11.23137512889831 0.722472 3.2397 0.6935 -23.8337
19537 goodsn 0.5012 20836631714.82809 9.5 5.078376035302391 0.262842 1.3451 0.59 40.0
19577 goodsn 0.975 106207673988.7077 18.5 4.0458247543623935 0.602664 1.0255 0.7213 -68.1872
19789 goodsn 0.961 102382041150.37468 14.5 14.71369393280884 0.461916 1.794 0.3077 -52.4989
19828 goodsn 0.4834 17790443286.088478 9.5 12.714309416279159 0.205962 3.0408 0.3063 -17.0194
19843 goodsn 0.8402 16951316811.915482 17.5 1.8777765469603478 0.73479 1.1174 0.5148 71.2288
19940 goodsn 0.847 41634271155.29536 15.5 6.5957285860898205 0.35382 3.2169 0.6 -35.0
19965 goodsn 0.8517 23860966997.467518 11.5 4.612465544832331 0.472212 0.6376 0.5401 -40.187
20032 goodsn 0.8541 54725431348.71314 16.5 10.977023397859817 0.909336 2.2966 0.6445 -16.6813
20334 goodsn 0.607 17203266273.054153 6.5 11.732031749304618 0.19179 0.9975 0.3848 23.5278
20364 goodsn 0.72 45732505264.057945 12.5 7.124486890827089 0.284814 5.1971 0.4514 24.9514
20435 goodsn 0.858 47451470029.17306 8.5 39.37057834847827 0.336966 2.0769 0.8 -1.0
20441 goodsn 0.4385 89933576623.88782 18.5 6.988564082237445 0.726828 4.4454 0.7 -28.0
20588 goodsn 0.2986 18321091756.543644 13.5 3.7722678481474556 1.06955 0.9768 0.4369 20.8998
20634 goodsn 0.841 17050760005.739315 8.5 9.682377129904454 0.374688 0.984 0.6258 -87.1775
20654 goodsn 0.8498 47515212159.34466 12.5 11.670175478453388 0.71745 1.0562 0.26 -35.0
20874 goodsn 0.4842 36172349606.03808 15.5 2.945173774460297 0.522156 2.8711 0.5804 -36.2216
20931 goodsn 0.9438 25253226658.07378 18.5 3.6032830769619815 0.823176 2.2405 0.4092 -40.407
21027 goodsn 0.86080002784729 24863302838.953045 17.5 1.701139569852774 1.15576 0.8102 0.2126 -15.5425
21059 goodsn 0.9525 44524680314.44095 9.0 14.305158687127076 0.388272 1.5571 0.2865 32.6368
21119 goodsn 0.975 179896182488.9966 17.5 10.690997669159694 0.645912 1.2309 0.8 -10.0
21198 goodsn 0.8450000286102295 15928803953.612915 8.5 10.418036589761156 0.288636 1.3673 0.3165 10.0597
21262 goodsn 0.457 35643554173.82692 15.5 3.1318765503974215 0.38019 3.8703 0.5863 -48.05
21274 goodsn 0.5031 36683415157.77131 16.5 3.218579077136303 0.810186 0.944 0.5331 41.6885
21337 goodsn 0.5024 27452857324.165134 9.5 5.941383335472973 0.294576 1.8327 0.4291 -17.0033
21426 goodsn 0.945 24485037389.43249 11.5 13.45674372694321 0.484518 1.094 0.8252 -28.6877
21506 goodsn 0.7783 16564816296.95848 11.5 3.4317102788642666 0.58488 0.6874 0.2616 -65.2543
21639 goodsn 0.7041 91914236331.85573 17.5 11.006760482638594 2.1629 5.6396 0.73 15.0
21825 goodsn 0.4372 103045991327.2989 30.5 0.9641137725373201 1.99692 3.3969 0.7545 6.4442
21864 goodsn 0.355 39880222738.794685 14.5 4.148061786178409 0.92427 1.5423 0.4823 88.6654
22000 goodsn 0.4381 18949317858.103134 10.5 5.742857907179357 0.337776 1.1432 0.5978 16.1766
22052 goodsn 0.848 33668588985.65508 9.5 15.910332193559608 0.278106 1.4412 0.8423 -73.8123
22092 goodsn 0.279 42275682231.11646 18.5 2.0590615271391304 1.2842 1.3991 0.2582 -1.0403
22095 goodsn 0.7092 50010382292.09227 10.5 17.64197393458006 0.474228 3.8192 0.8185 -3.8125
22100 goodsn 0.6402 87430228770.2142 24.5 6.766553547480257 0.971322 2.3049 0.3125 71.7829
22206 goodsn 0.7095 37418141393.905396 10.0 14.706965124601918 0.30039 2.2694 0.2768 -39.8846
22237 goodsn 0.2537 34681886212.160324 16.5 0.6173879809273425 1.76083 2.5466 0.7947038014074201 -7.3
22260 goodsn 0.5553 67887451269.16448 13.5 14.783067949548343 0.39012 3.1836 0.4181 -85.3032
22456 goodsn 0.2995 23899908489.018436 20.5 0.8602547223393335 1.52849 1.3342 0.35 -60.0
22596 goodsn 0.3767 38232567024.35824 14.5 3.9835030413110877 0.845076 0.8443 0.5447 -64.3989
22755 goodsn 0.679 44874209747.461586 15.5 5.643018851319294 0.62412 1.8159 0.55 -9.0
22795 goodsn 0.5556 28512099936.669163 11.5 6.6040439466663114 0.483522 1.7635 0.8 85.0
23066 goodsn 0.2133 22796299544.38125 9.5 5.146029123138428 0.441966 3.3833 0.3542 -25.9558
23069 goodsn 0.4547 80440527215.16287 30.5 0.9545295416771216 1.30618 2.9704 0.3653 -55.1358
23162 goodsn 0.9296 35518511928.44608 13.5 5.0129614628931805 0.458904 2.4013 0.734 -88.5663
23427 goodsn 0.84 182994211802.56696 27.5 3.7982691468761987 1.25089 3.1886 0.5 53.5
23475 goodsn 0.233 35610768340.64058 31.5 0.36144520498807775 2.18704 1.786 0.6731 -21.5352
23478 goodsn 0.4375 20321842751.25136 12.5 4.1846809332767325 0.541308 1.0982 0.4733 -16.7082
23496 goodsn 0.8558 52496615403.21635 12.5 8.55827668254456 0.282978 2.9522 0.5682 -15.788
23519 goodsn 0.4381 20929585544.98035 12.5 6.717926743756755 0.859122 1.0313 0.5526 -66.1165
23556 goodsn 0.947 18381210731.647564 13.5 4.248659914887212 0.720324 1.4016 0.6618 4.1451
23855 goodsn 0.8391 36508465369.64755 12.5 5.374315856766747 0.45048 0.513 0.4016 2.2322
23950 goodsn 0.9746 76950107319.34004 13.5 7.751431305498067 0.388434 1.827 0.8977 -72.5131
24009 goodsn 0.944 26280199376.605457 13.5 23.596723202613312 0.606828 1.255 0.5 74.0
24050 goodsn 0.281 101577861456.90495 33.5 1.817363639849087 1.84978 4.6868 0.5 17.0
24232 goodsn 0.474 20260982209.167164 13.5 6.510871188232844 0.841788 0.4447 0.3703 -88.4889
24293 goodsn 0.94 42992802081.74137 11.5 12.652261194427975 0.428118 1.5805 0.4539 -1.8296
24311 goodsn 0.9175000190734863 7870790645.14004 11.5 4.662152589172943 0.453912 1.4035 0.3067 -55.5656
24361 goodsn 0.7953 22695680754.86635 10.5 4.662532481915123 0.38433 2.6102 0.2994 -39.0067
24433 goodsn 0.946 148087739112.29727 13.5 35.45183125117533 0.624072 1.5906 0.6 70.0
24563 goodsn 0.938 32090354641.34518 8.5 17.595731614488784 0.464844 8.0 0.7732 -64.1799
24608 goodsn 0.8001 75359926728.71326 11.5 26.796533706794698 0.307302 4.5929 0.4978 -15.8712
24710 goodsn 0.513 13281004629.280926 9.5 2.8883078802596955 0.523212 1.3054 0.1959 -11.8556
24833 goodsn 0.8411 39299970966.588585 12.5 13.616244841648811 0.271836 3.42 0.4406 -18.1619
24836 goodsn 0.6337 110892563546.6215 15.5 18.0192031574096 0.49527 4.1178 0.5684 -37.7953
24921 goodsn 0.938 153268880642.422 19.5 8.724141589087706 0.396576 5.2566 0.5086 -24.1859
24935 goodsn 0.967 47370848502.13511 11.5 18.914686843005036 0.330156 2.1028 0.5306 -44.739
25006 goodsn 0.7991 21704856332.43869 8.5 15.445496067476393 0.285672 3.3396 0.6813 -57.9422
25015 goodsn 0.836 37070134065.86187 12.5 9.17635576091887 0.488016 1.6691 0.4401 -61.7676
25126 goodsn 0.6338 18385716572.175392 15.5 4.906227528981853 1.01604 0.9474 0.8363 24.0905
25472 goodsn 0.8367 15404043874.392357 8.5 29.560235733933606 0.264234 1.3912 0.6473 -83.9753
25484 goodsn 0.4378 38238591947.97538 12.5 4.8566670282382844 0.496428 1.055 0.7256 25.4324
25767 goodsn 0.69 8240951856.291542 8.5 9.898885521043805 0.321828 2.7673 0.4537 89.6829
26068 goodsn 0.5475 84944497434.69592 24.5 2.6339943641383234 1.58029 2.1157 0.2785 -46.5121
26323 goodsn 0.8352 98978219547.4774 14.5 18.85998953750736 0.374166 3.493 0.5598 -83.6466
26597 goodsn 0.944 53062952403.75602 8.5 37.280214239734235 0.307014 1.0951 0.6635 -71.4049
26602 goodsn 0.6809 22134427093.70654 11.5 6.855933346272998 0.448026 1.7551 0.6 61.0
26636 goodsn 0.4545 21965088039.501762 9.5 6.908971508893345 0.394338 1.9984 0.95 5.0
27001 goodsn 0.8569 20190200154.05511 7.5 38.71311105458881 0.211128 2.896 0.4103 -59.3197
27018 goodsn 0.5951 19929957959.57393 16.5 3.219205584330758 0.947148 5.1585 0.65 74.0
27030 goodsn 0.8555 32726315717.249725 10.5 13.7950227030418 0.497922 0.6594 0.3173 76.5334
27061 goodsn 0.955 42016736140.98014 8.5 25.552795603094204 0.371442 1.3283 0.4039 38.6591
27262 goodsn 0.8471 19069941663.89234 18.5 1.3052737728243504 0.772734 1.1718 0.8031 -26.487
27310 goodsn 0.5706 65443426841.31944 18.5 6.362326207616086 1.18046 7.0034 0.8 -25.0
27488 goodsn 0.201 18299368169.90503 16.5 1.113272451116719 0.618768 4.9394 0.5 37.5
125 goodss 0.619 94237898351.93008 21.5 4.234377305736254 1.54232 5.8741 0.8793 28.22
236 goodss 0.776 19106575765.836773 15.5 2.0054330501160145 0.70686 1.2391 0.2897 76.5334
278 goodss 0.6164000034332275 27444142271.649403 14.5 4.512718270903012 0.989256 1.0316 0.9316 -50.203
370 goodss 0.667 32966212355.791313 7.5 24.338052452784208 0.1875 2.9684 0.5012 53.9613
393 goodss 0.6599000096321106 48775231125.91055 16.5 9.9877777446363 0.589584 2.3568 0.37 -15.0
545 goodss 0.487 37667253461.715965 20.0 1.4289390666776707 1.18091 0.9584 0.28 -5.0
712 goodss 0.6596 51387679484.143875 14.5 5.05264492595538 0.645894 1.5347 0.7099 -77.395
804 goodss 0.672 48306967807.83368 11.5 15.241185146159555 0.255156 4.6154 0.6056 -71.3386
835 goodss 0.6829000115394592 63848359903.66857 12.5 10.555645082158065 0.538128 2.9762 0.85 -60.0
872 goodss 0.665 135250726372.12677 15.5 28.637223744174857 0.79344 5.3788 0.7164 -55.6858
946 goodss 0.841 27809548490.48558 11.5 10.278636307277607 0.315708 2.1255 0.6 60.0
1040 goodss 0.978 94721231204.03983 14.5 9.629882568095892 0.501252 0.9106 0.6615 62.3065
1214 goodss 0.383 12844859655.38849 10.5 0.8076292595284006 0.462486 2.0084 0.2067 -82.9858
1237 goodss 0.966 15309379265.683294 12.5 1.787436025081345 0.377028 1.6899 0.6825 -13.1217
1469 goodss 0.459 82958296122.65128 19.5 2.7652964575018752 1.01118 2.1743 0.75 -70.0
1602 goodss 0.561 60020956494.668655 18.5 3.07136864205499 1.07816 4.8724 0.3937 23.0936
1742 goodss 0.838 46715191144.56719 14.5 3.3596686397483255 0.545832 2.0444 0.9056 8.5273
1821 goodss 0.2574 36882850306.14271 13.5 4.106379899963631 0.422544 4.4616 0.39 -22.6948
1912 goodss 0.664 273678063557.4796 20.5 20.979132694174854 0.83175 4.0356 0.5659 32.6124
2041 goodss 0.524 23945457008.27319 10.5 5.305174953881636 0.354696 3.0037 0.9 -60.0
2051 goodss 0.562 20021078193.800602 11.5 7.961758016040968 0.337584 1.6056 0.3 -38.0
2178 goodss 0.685 57020216973.168945 12.5 14.290164307205657 0.27459 2.3364 0.37 -59.0
2587 goodss 0.983 51444639440.20754 14.5 8.914247262837588 0.676326 1.0831 0.6509 -76.657
2693 goodss 0.67 16204738086.821875 8.5 8.866741270669142 0.296742 1.8595 0.275 -49.0
2987 goodss 0.6459 20384145693.18274 9.5 13.397119593738507 0.371466 1.369 0.75 -75.0
3528 goodss 0.853 29341964122.984737 9.5 3.0036914989300767 0.269928 4.1476 0.2811 78.9092
3827 goodss 0.7062 42939559545.9477 15.5 2.0089317823707087 0.76143 1.1173 0.1692 -74.0087
4433 goodss 0.761 62520469130.33171 16.5 3.5617191807127173 0.724236 0.6454 0.26 -12.5
4520 goodss 0.343 23341986764.68897 12.5 1.4937090579244063 0.546144 0.5077 0.75 -15.0
5145 goodss 0.6733 29632904990.596943 8.5 20.602286253658963 0.56838 1.0053 0.8296 66.3195
5556 goodss 0.679 37678595110.82477 15.5 6.512244197959499 0.753954 0.914 0.6 60.0
5570 goodss 0.7014999985694885 16912680148.762486 10.5 5.437823190282212 0.483072 1.1879 0.2567 -36.9704
5691 goodss 0.669 22938655014.705524 12.5 7.8637298903266775 0.699744 0.9811 0.65 -53.0
5700 goodss 0.7362 26818063071.725334 13.5 7.682838481109872 0.782946 2.8045 0.9489 16.5597
5960 goodss 0.675000011920929 105492647924.17299 14.5 9.807433241426285 0.823038 5.1935 0.975 15.0
6015 goodss 0.735 57608811042.25104 17.5 6.090624015827943 0.636162 2.0699 0.7 90.0
6264 goodss 0.735 60510758793.4852 11.5 10.933203831221373 0.342078 1.4294 0.4012 87.7954
6308 goodss 0.6711 33422872433.424747 19.5 3.523866822423573 0.841236 1.8643 0.3291 -87.4427
6472 goodss 0.7345 24198870625.237896 12.5 3.738677174328893 0.629034 1.1753 0.2113 -9.9832
6512 goodss 0.7337 34013446375.164913 10.5 11.928665370319262 0.210108 2.8295 0.4997 -70.7294
7439 goodss 0.58 43488426471.61286 10.5 12.086180267172011 0.189462 2.1568 0.3678 84.5379
7717 goodss 0.559 29076800339.40264 16.5 1.7540048834570146 0.67608 1.0662 0.525 65.0
7725 goodss 0.67 101790926359.9761 19.5 2.8337869221666803 0.592536 1.1912 0.49 -10.0
7880 goodss 0.8528 14162051620.045582 14.5 9.827064108849271 0.380052 1.6195 0.5973 77.5924
8008 goodss 0.578 53096946490.437515 27.5 1.9629047198919247 1.21202 1.9099 0.79 -13.0
8244 goodss 0.662 116241236963.88376 18.5 7.7540139185130945 0.662844 1.674 0.65 40.0
8398 goodss 0.8534 18788780578.68914 9.5 5.401838887570884 0.292074 1.3287 0.85 5.0
8443 goodss 0.9790999889373779 28412192284.600235 6.5 36.643661105553306 0.240468 0.6421 0.7 -72.0
8512 goodss 0.6676 29755347727.707577 24.5 1.63239353074325 0.598956 1.1312 1.0 64.0
8760 goodss 0.7358 17341827819.34078 8.5 10.454009762818151 0.288192 1.2232 0.8 51.0
8765 goodss 0.9591000080108643 18913896658.82408 16.5 2.9741276123643705 0.727152 1.1418 0.515 -86.5371
8861 goodss 0.459 20360149808.057938 15.5 2.3857159457446824 0.933318 3.8292 0.54 90.0
8942 goodss 0.6713 143618171297.71774 21.5 4.8038307728916445 0.62646 3.9833 0.65 -14.0
9204 goodss 0.6801 31925125778.554787 8.5 16.86079878266046 0.264768 1.67 0.6582 -13.4789
9324 goodss 0.732 28409343925.92225 16.5 11.217969147057637 0.845502 0.9121 0.3 -83.0
9485 goodss 0.5770000219345093 119629922768.30548 18.5 15.47388020619077 1.44803 7.3876 0.5907 -50.3475
9560 goodss 0.7324 119244592913.1818 16.5 12.148993696374024 0.45447 2.8593 0.35 120.0
9855 goodss 0.7297999858856201 106559130159.77985 14.5 13.177478373087308 0.437988 4.4041 0.65 -37.0
9955 goodss 0.832 58776522088.959366 9.5 20.593205607668853 0.254598 3.2127 0.5978 -54.3177
9958 goodss 0.683 22644100381.27498 9.5 13.271786107850282 0.136686 3.6159 0.3628 -40.2468
10413 goodss 1.094 258879104034.4721 29.5 9.067444377931297 1.57496 2.7803 0.7073 -42.407
10565 goodss 0.8357999920845032 22547580553.92709 14.5 4.027891126401716 0.717444 2.2726 0.8341 -46.5866
11232 goodss 0.457 107155640906.03581 29.5 1.703325113315655 1.48662 5.5592 0.69 109.0
11392 goodss 0.214 25076148276.129414 19.5 0.45189062615182574 1.53158 1.1712 0.65 -20.0
11641 goodss 0.6828 36566853594.37568 14.5 4.295793637545625 0.62664 1.0064 0.4352 31.4371
11833 goodss 0.735 25989833434.704678 14.5 0.8467943581984652 0.576252 2.2569 0.2596 72.5036
12050 goodss 0.654 41546177973.92625 14.5 2.17049278370477 0.578688 0.6212 0.2655 -58.3459
12100 goodss 0.735 23617045253.333088 12.5 6.302253191679779 0.242586 3.4768 0.65 -58.0
12223 goodss 0.733 54368243003.62181 12.5 14.915700821921675 0.26109 3.6339 0.5905 -83.597
12408 goodss 0.671 29292354640.53723 9.5 14.57792935346813 0.36537 1.0778 0.3252 -12.7375
12450 goodss 0.8419 15291568056.119328 12.5 2.2092501027701443 0.666234 0.9913 0.2685 83.7589
12499 goodss 0.737 25603991723.6425 13.5 4.516952098430411 0.613092 1.8968 0.1822 -20.8461
12611 goodss 0.84 42891551344.78044 17.5 3.4482971447078126 0.58713 1.0265 0.55 75.0
12634 goodss 0.6684 54660827924.70479 19.0 3.0876326462025134 0.833052 2.4021 0.675 25.0
12873 goodss 0.3368 73621681325.91397 25.5 2.1040978766145604 1.5442 1.1883 0.3309 1.7081
12887 goodss 0.997 45250589729.155266 10.5 22.040538496822148 0.655104 0.6869 0.85 89.1771
13352 goodss 0.731 28911543535.193336 12.5 6.809850074264119 0.182376 3.1804 0.4482 -18.9002
13521 goodss 0.604 25312909017.253544 8.5 15.57028042160511 0.380622 3.1341 0.2714 -69.9049
13806 goodss 0.438 22044251986.39055 11.5 3.618575210180682 0.244206 1.8636 0.7 -35.0
13879 goodss 0.733 41512794755.87831 12.5 7.860604941311253 0.183504 3.6808 0.45 53.0
13956 goodss 0.213 20864749058.40436 13.5 0.985954347513887 0.79491 1.5648 0.5 -90.0
14190 goodss 0.734 19826397290.194862 14.5 5.272038490794829 0.705942 1.2782 0.615 -55.2255
14251 goodss 0.578 42970902006.62102 14.5 6.752476736651612 0.592872 1.6866 0.3169 -70.1169
14408 goodss 0.576 36475688785.32994 14.5 0.4402496198064723 0.911904 0.9464 0.2264 73.3487
14775 goodss 0.577 34654960632.203064 14.5 2.7632749105730317 0.50154 1.7147 0.3644 -57.093
14859 goodss 0.9739000201225281 38470538502.46801 12.5 12.928250732634272 0.685998 6.4659 0.5499 -43.2685
14864 goodss 0.668 100439854841.30522 18.5 7.648526629579023 0.92529 0.7902 0.675 60.0
14878 goodss 0.814 17862210057.38838 10.5 8.826721198544394 0.380946 1.5235 0.9574 -15.8044
14886 goodss 0.667 67640205125.890144 18.5 7.641069889630818 0.455244 5.4644 0.5286 36.4431
15250 goodss 0.67 123883554892.44574 17.5 7.516426158054927 0.672144 3.0816 0.6509 -8.7048
15604 goodss 0.338 20449719672.737213 15.5 1.7112772630361694 0.512142 1.1922 0.3343 -26.6621
15725 goodss 0.311 95112015825.60973 30.5 0.4790828043712 1.17256 1.777 0.2388 -82.1618
16009 goodss 0.247 25682504006.876713 12.5 0.7566990180498533 0.696786 1.836 0.2757 73.6404
16011 goodss 0.738 22152553106.427975 12.5 4.71932537827431 0.468156 6.7363 0.6183 38.2914
16115 goodss 0.577 20093932994.21837 17.5 1.3621073684224436 0.436668 2.185 0.3667 -87.6226
16593 goodss 0.737 27984094364.16577 13.5 9.569068775628494 0.432294 1.7821 0.6596 6.4503
16617 goodss 0.896 32458867087.47635 8.5 18.220289585354937 0.31593 1.5587 0.82 45.0
16768 goodss 0.726 38031050485.23777 12.5 7.040280803774305 0.442206 8.0 0.2162 44.2449
17058 goodss 0.6218 51292623347.63869 21.0 4.23295834767959 1.26297 1.598 0.8 160.0
17140 goodss 0.669 61958207867.84957 17.5 7.71940607041182 0.702438 1.8214 0.5812 51.7698
17171 goodss 0.5368 54946899279.337715 11.5 10.139494951845416 0.36996 2.7674 0.66 80.0
17332 goodss 0.366 31969791634.443306 22.5 0.5321432852296571 1.75802 0.7255 0.1894 41.9196
17555 goodss 0.738 95378122770.48457 20.5 7.692810708414717 0.452382 3.9412 0.5 -30.0
17949 goodss 0.975 105754593758.73833 10.5 53.97309444934646 0.3129 2.6222 0.5109 -47.3668
17991 goodss 0.669 58858555924.58497 14.5 11.217903322776333 0.287334 3.584 0.3284 -89.3308
18057 goodss 0.523 50465003451.71966 21.5 1.4696826962202816 0.974028 3.7208 0.2692 79.39
18200 goodss 0.5344 20740788102.408375 10.5 7.032015351444136 0.335874 1.7153 0.7509 -30.5685
18269 goodss 0.831 42494037443.86134 15.5 9.333102054986158 0.676962 1.3662 0.367 -33.5537
18674 goodss 0.7684 35607999177.63718 11.5 11.769656466386234 0.382314 2.0896 0.3879 -54.288
18686 goodss 0.84 45318140536.51264 22.5 2.9158322738637517 0.771798 1.63 0.3827 -60.5989
18712 goodss 0.953 106245693473.75835 17.5 9.751186940514376 2.01686 6.5047 0.75 -10.0
18750 goodss 0.995 14947525203.335491 11.0 4.981824940299356 0.723558 0.47 0.2171 51.5609
19291 goodss 0.832 15752768749.979654 13.5 5.615901349158451 0.91173 1.0429 0.7527 -15.0437
19342 goodss 0.666 15551562672.807663 11.5 2.2617420314548635 0.319866 3.6788 0.2107 22.2278
19384 goodss 0.895 70474307166.84782 10.5 21.23150099006091 0.226902 2.6345 0.4067 -26.952
19385 goodss 0.5487 49902663371.895004 19.5 1.493478144930008 0.776592 1.5535 0.8 65.0
19400 goodss 0.976 30383613787.279736 10.5 7.271651041571802 0.309696 0.9129 0.7541 67.6678
19443 goodss 0.969 119117266383.21573 17.5 16.055913663889786 0.962826 0.8248 0.6674 -53.5557
19762 goodss 0.525 15979353361.862509 14.5 3.132264760020251 0.888276 0.7277 0.2652 -80.6433
19771 goodss 0.733 17287786262.883915 7.5 7.39722403462145 0.195036 1.9288 0.3705 58.5492
19896 goodss 0.605 64323426604.39172 12.5 18.84411166545734 0.372708 3.2269 0.694 -55.9204
20219 goodss 0.738 105261231302.43805 20.5 5.58750435200341 0.698346 2.477 0.5562 -83.0787
20283 goodss 0.735 22640349695.528755 11.5 14.202425330396142 0.483822 3.5664 0.5766 63.0389
20413 goodss 0.524 21135736155.164196 10.5 8.035116420757063 0.425052 1.0832 0.7136 13.1798
20655 goodss 0.667 48760273127.762436 10.5 14.248313136683329 0.360972 2.8327 0.7234 -15.5392
20731 goodss 0.5245 27048450501.41823 9.5 12.918110527774964 0.407478 2.3052 0.54 10.0
20853 goodss 0.6363999843597412 24272889317.63258 14.5 0.479342959389259 0.660534 1.6223 0.2733 -19.5833
20901 goodss 0.6205999851226807 22274034792.41261 14.5 2.4984343285599047 0.604578 1.1465 0.91 -40.0
20934 goodss 0.418 93829426929.4791 17.5 6.268079697194022 0.542592 6.2646 0.8 30.0
21627 goodss 0.998 132656957845.94237 19.5 9.333153171850004 1.7317 7.4798 0.825 90.0
21695 goodss 0.669 98720992202.26427 24.5 3.345200485090176 1.43632 3.1907 0.8534 -53.0524
21987 goodss 0.9768000245094299 57502170575.28223 9.5 20.65220489194151 0.147906 2.8062 0.4232 25.4738
22040 goodss 0.979 48937470140.385216 11.0 6.718248079253964 0.487752 1.2876 0.2769 20.1162
22059 goodss 1.0298999547958374 43663058997.54164 9.5 9.77537903572522 0.322572 1.4408 0.5323 45.237
22122 goodss 0.9783 11783337434.945038 9.0 22.23027153786878 0.423942 1.1946 0.3364 -57.8062
22252 goodss 0.247 30264684877.317657 13.5 3.7379796592909815 1.20974 6.4525 0.8 -20.0
22420 goodss 0.615 58185346543.05583 11.5 9.181093292155888 0.429078 1.8654 0.8788 -45.3436
22719 goodss 0.6083 44315865332.31873 13.5 8.735850168782132 0.468876 1.6046 0.65 60.0
22836 goodss 0.103 33737884834.951275 18.5 1.764572138335129 2.41133 5.1159 0.9 40.0
22855 goodss 0.735 48207674043.73464 8.5 31.287427594945413 0.28944 2.4289 0.6194 -17.6976
22913 goodss 0.736 42841892928.6444 12.5 9.493922625682698 0.398658 3.7622 0.81 -51.0
22999 goodss 0.4698 23621356422.51482 11.5 3.90634234163799 0.657102 1.7188 0.2481 -55.9197
23022 goodss 0.9679999947547913 19361130187.514473 8.0 3.603090720770972 0.353148 1.132 0.2811 20.8036
23188 goodss 0.731 40805635112.047844 13.5 7.390084745037555 0.397836 1.7554 0.3059 39.3947
23307 goodss 0.3832 36875313894.03608 18.5 1.4269421267543132 1.05717 1.4481 0.1995 82.9659
23600 goodss 0.734 73287157463.95366 21.5 5.185549985800717 0.838662 2.0115 0.3267 -20.3635
23633 goodss 0.677 37710439536.92796 11.5 10.81756055383079 0.44196 1.2598 0.6722 -59.7976
24093 goodss 0.216 23451943186.78946 10.5 4.37924564164455 0.769962 1.6324 0.6427 -20.7911
24239 goodss 0.6715 65907425403.271736 15.5 6.6109984885335065 0.80547 1.8444 0.7437 -77.354
24270 goodss 0.7712 39611052885.505455 16.5 3.0345763966824517 0.47088 3.5796 0.6808 -28.1791
24322 goodss 0.5659 52266698380.89057 17.5 4.3954164185702975 0.944142 1.0789 0.4 -7.5
24390 goodss 0.968 117633744770.64926 14.5 21.035723854357663 0.202854 5.0072 0.4033 -77.7006
24924 goodss 0.6658 74848090411.23944 12.5 24.72555620830397 0.488328 3.9572 0.66 35.0
25015 goodss 0.229 25132791885.126225 11.5 3.2270500558551922 0.692562 2.3459 0.925 -45.0
25031 goodss 0.837 27211024086.33328 14.5 8.944718514146187 0.74985 1.1545 0.7 34.0
25286 goodss 0.7376000285148621 111568784570.4105 14.5 23.04803549198048 0.556956 2.6667 0.8 -10.0
25734 goodss 0.734 52546845841.795586 12.5 2.6387999905461132 0.317412 4.1109 0.64 -25.0
26534 goodss 0.7254999876022339 31521389436.504387 10.5 9.92899278713985 0.478044 5.1217 0.8056 66.202
26756 goodss 0.7347 24247349528.295998 10.5 17.716195790620013 0.525942 0.5887 0.33 15.0
1145 uds 0.6692 24626388605.45062 8.5 22.036841942385113 0.211164 2.89 0.3373 9.9538
2333 uds 0.6703000068664551 31772554347.380848 11.5 11.107848505053472 0.610356 1.3067 0.6935 7.3917
2563 uds 0.7797999978065491 61412655125.704735 10.5 27.93586169596346 0.376926 1.7031 0.7468 76.4813
2589 uds 0.9078999757766724 64701142298.11712 10.5 39.934861035292535 0.5775 1.2493 0.9756 -11.3886
2861 uds 0.640500009059906 138955437027.53552 16.0 6.30956274773619 1.16459 1.0117 0.1734 -62.4359
2952 uds 1.027899980545044 121061541525.55261 14.5 14.025229094600657 0.518964 2.286 0.7745 -50.2323
2999 uds 0.5983999967575073 32834619514.894344 9.5 15.839407253325877 0.342558 1.6127 0.3458 -22.0854
3019 uds 0.6027 166277439063.20486 21.5 12.027899718387621 0.614226 3.0031 0.3545 -73.9624
3393 uds 0.6459 49006598778.961525 12.5 13.116902946867953 0.423288 1.9217 0.4889 -22.1913
3401 uds 0.8034 39047771720.53021 11.5 7.445818164870863 0.490038 1.3104 0.7323 79.1195
3554 uds 0.807 33286074658.177345 11.5 4.196174188775435 0.425958 0.8996 0.7866 20.4924
3640 uds 0.8026 20249675393.177113 12.5 3.319847912323577 0.618654 1.2807 0.8121 -56.3254
3768 uds 0.7976999878883362 70773990437.12106 25.5 1.3333337475099778 0.654258 2.2071 0.95 -55.0
3854 uds 0.4894 25635155671.042164 14.15999984741211 2.6015081477027877 0.756582 4.9916 0.1 -9.0
4115 uds 1.0360000133514404 48276449604.65891 7.5 34.26017386782967 0.26934 1.755 0.4283 -47.5998
4335 uds 0.8230000138282776 27221305647.55878 11.5 7.610063255674622 0.298686 1.4688 0.5957 45.4496
5316 uds 1.042099952697754 30220064446.878593 12.5 13.364539506729926 0.766044 0.7715 0.4537 87.035
5329 uds 0.7878000140190125 28701868278.77387 9.5 7.813637909832437 0.30075 1.1253 0.4657 -14.5358
5353 uds 0.998 96514080934.20267 11.0 17.845487835612374 0.231648 4.1571 0.3083 35.1439
5451 uds 0.8138999938964844 45153256564.97869 10.5 24.887823574374472 0.256392 2.3546 0.3188 -1.3624
5577 uds 0.918 90942599158.98451 12.5 17.285619201071214 0.354144 3.0837 0.6633 47.0265
5689 uds 0.6407 144617564261.69345 14.5 38.698000706991024 0.859122 3.4699 0.5445 22.5967
5923 uds 0.6388999819755554 27195847228.5965 11.5 4.666208464999277 0.370038 1.5566 0.3559 3.8301
5962 uds 0.9208 71045078440.54637 12.5 34.117249846940894 0.370776 3.7101 0.5579 -78.9625
6436 uds 1.034999966621399 49887908882.18845 7.5 55.30971142811746 0.266088 2.6436 0.5845 -87.8258
6493 uds 0.9416000247001648 107400262514.92274 11.5 27.44288777348349 0.232542 3.84 0.4921 -43.1786
6737 uds 0.8238999843597412 45791076387.94283 10.5 19.196423787444303 0.363234 3.0024 0.8434 57.7662
6870 uds 0.3493 39790234995.32138 14.5 0.7917483195310734 0.712722 0.942 0.2768 -13.0393
6979 uds 0.6468 54558065662.09502 13.5 11.45296779113937 0.546348 2.7641 0.7 0.0
7095 uds 0.92 90917124982.77634 15.5 7.311781104684957 0.300336 3.7245 0.4 -40.0
7215 uds 0.6761999726295471 30856123403.30084 14.5 3.846294096476973 0.802704 2.5989 0.9641 87.7881
7247 uds 0.786 78613381919.46173 12.5 10.594098745818808 0.313542 2.1876 0.75 0.0
7290 uds 0.8524 28109130407.97624 10.5 8.59939332042731 0.464232 0.3725 0.4331 31.6388
7384 uds 0.8357999920845032 16629420487.160664 7.5 16.878303008374388 0.139794 7.4911 0.4182 35.5178
7848 uds 0.6023 36642089843.812614 19.5 2.63426607263505 1.13391 1.4962 0.6235 53.9306
7891 uds 0.6511 34547505075.36138 19.5 2.2309754559109733 0.73452 1.8527 0.579 39.0264
7974 uds 0.3363 43810380508.578995 15.5 2.937759264661192 0.943056 1.5503 0.4996 14.2398
8206 uds 0.7914000153541565 63661615961.06349 12.5 18.2588309395333 0.342984 3.2939 0.4501 -22.0301
8221 uds 0.9144 53605311002.20208 13.5 16.460445159608355 0.613812 1.2924 0.6138663376675922 30.0
8430 uds 0.3505 32892650602.700336 12.5 5.751169592326786 0.454002 4.8081 0.3682 -15.9773
8433 uds 0.9164999723434448 22900744810.815723 9.5 15.677668303202594 0.378888 0.84 0.355 10.5832
8451 uds 0.3358 25243427501.818592 7.5 9.35645431240335 0.273036 1.7424 0.6721 36.8578
8574 uds 0.7878000140190125 68823731092.15422 12.5 10.599360408130543 0.213798 5.3723 0.85 -35.0
8647 uds 0.7807000279426575 21004015563.843536 8.5 16.9379583612855 0.192762 2.4239 0.57 -25.0364
8892 uds 0.5753999948501587 13267378717.930164 10.5 3.8441202545534603 0.354552 2.976 0.573 88.9625
8901 uds 0.6470999717712402 26785946436.602383 7.5 17.047697956851035 0.168822 1.9222 0.5349 -63.781
8930 uds 1.0117000341415405 115290406806.41794 19.5 6.736398928288327 1.02676 3.8893 0.2063 43.7665
8967 uds 0.6201000213623047 50606888254.53886 15.5 9.08865442793509 0.643038 2.256 0.6685 70.6225
9030 uds 0.6456 41890766301.93885 12.5 7.9982882907422965 0.337224 2.9051 0.4171 -48.1957
9223 uds 0.6426 69909409466.30455 10.5 27.320891981748847 0.277068 3.1901 0.4555 -6.1257
9321 uds 1.007699966430664 105349696478.74858 8.5 41.38680476805904 0.198954 3.4994 0.4572 23.7313
9334 uds 0.4464 95102489905.29239 15.5 9.534127698797587 0.599058 4.5206 0.9 45.0
9398 uds 0.6265 31205463159.018085 10.5 11.522656124219647 0.523194 1.5865 0.8754 18.904
9405 uds 0.9868 26077782088.11897 8.5 29.589583812945644 0.55434 8.0 0.7473 -32.6214
9425 uds 0.6495 144103018661.2202 15.5 19.537477409741122 0.475668 3.5975 0.6541 -86.4701
9461 uds 0.6507 34930353482.91262 13.5 12.973075236745174 0.731094 2.7935 0.5592 -13.1047
9464 uds 0.9232000112533569 129418504045.64297 17.5 10.782008894751318 0.801528 0.8593 0.4741 -31.1981
9474 uds 0.6769999861717224 24643163548.625862 9.5 12.44969245487794 0.247116 4.2973 0.6433 -9.4261
9674 uds 0.7612000107765198 98511273599.83353 19.5 9.564152380791665 0.978462 3.0844 0.5 16.0
9738 uds 0.8048 95530816335.81126 14.5 14.48167049138508 0.313866 3.0269 0.5799 -77.393
9810 uds 0.5664 33746774857.946606 15.5 5.493882802275055 0.61581 1.6882 0.6132 57.3289
9887 uds 0.8066999912261963 50196061461.554146 15.5 9.059930976092899 0.772572 1.1126 0.6775 -45.9556
9899 uds 0.6481 50798201729.42398 8.5 28.152898907020322 0.262038 2.5597 0.507 -78.8431
10316 uds 0.6363999843597412 21536502579.402817 11.5 7.591000771342407 0.310572 2.2893 0.3931 5.5369
10735 uds 0.6463000178337097 35788115583.18983 11.5 10.713965494181279 0.276402 3.0243 0.5745 77.3616
10889 uds 0.916 30331660832.724155 5.5 55.283552708132056 0.153168 2.0398 0.4 -86.0
10953 uds 0.37779998779296875 25058519214.856163 10.5 4.805520158742943 0.207828 2.5713 0.4555 -65.4331
11042 uds 0.6494 157097784407.72794 20.5 17.888686945224208 0.825804 2.7783 0.3038 -77.4211
11299 uds 0.6418 47225245293.8446 14.5 6.149776186621401 0.44367 3.7672 0.4076 -39.7746
11451 uds 0.9113 38906609149.29819 8.5 17.599319906527057 0.134412 2.5744 0.4347 -53.6433
11472 uds 0.9978 22503976261.48532 14.5 9.87493193738592 0.823896 1.046 0.6174 71.6893
11536 uds 0.5397 22684973456.311516 18.5 2.528386949311177 1.39592 1.8428 0.7739 17.2648
11584 uds 0.6479 30017616534.015327 11.5 10.328434472944352 0.320556 2.3874 0.3269 -84.3609
11655 uds 0.896 19871888620.13472 9.5 18.88175639559592 0.41589 0.6919 0.6468 -56.9165
11666 uds 0.642 115808602355.69228 19.5 10.810975194897992 0.722958 2.6551 0.7862 14.369
11985 uds 0.6522 50101617698.09984 13.5 10.560483972173447 0.322512 4.6501 0.3723 46.5689
12209 uds 0.9136000275611877 125987300285.11615 15.0 19.541907692429938 0.971448 2.2224 0.23 -8.0
12517 uds 0.6503999829292297 19129711811.871994 8.5 11.589192386180523 0.226482 1.9189 0.3166 -30.023
12850 uds 0.9217 217819228230.02817 18.5 26.05259727286024 0.722112 2.9182 0.9 50.0
13009 uds 0.5076000094413757 81091374082.4563 13.5 14.107885399557958 0.514536 4.0821 0.6506 53.3871
13010 uds 0.949400007724762 81537410713.86235 15.5 6.080419392548665 0.597318 1.5463 0.78 90.0
13124 uds 0.6430000066757202 22118600684.953716 6.5 28.776732697789704 0.265896 2.0677 0.55 82.2707
13581 uds 0.7958999872207642 90611378232.97676 14.5 11.428677467541215 0.728682 0.7689 0.6678 -22.5884
13632 uds 0.4514000117778778 37215846361.651634 11.5 9.017159024509686 0.385668 3.0435 0.3192 -75.3419
13864 uds 0.7872 63242966300.983955 14.5 15.166340017391923 0.664968 1.0861 0.3425 -86.8258
14167 uds 0.6972000002861023 28360787765.984146 13.5 2.8812448041207572 0.468948 2.0636 0.2328 86.9973
14228 uds 0.7582 102199893942.7492 12.0 11.684984148358202 0.538482 1.4506 0.298 -85.0798
14366 uds 0.9068999886512756 54923612849.915016 16.5 7.525132146278718 0.890766 1.6682 0.65 -43.0
14483 uds 0.3427 51615356275.34104 15.5 2.4826673610784384 1.03663 1.7867 0.7 60.0
14743 uds 0.6506 23523173929.257397 9.0 6.778212876616044 0.244458 2.4447 0.2978 -19.1326
15006 uds 0.3064 15335449939.658676 14.5 1.4363471807463126 0.688314 1.5698 0.7244 -87.0084
15541 uds 0.9348000288009644 20316037501.329998 10.5 3.904743116837899 0.511458 1.098 0.8138 -45.7843
15679 uds 0.785 32896138385.3632 14.5 6.937045421586483 0.719172 1.2549 0.4926 -34.6814
15691 uds 0.9107999801635742 30709307807.789513 13.5 22.606763992480218 0.593136 1.8245 0.32 40.0
15773 uds 0.9865 153549556561.12015 15.5 34.97970219108746 0.296586 4.9846 0.65 75.0
15780 uds 0.9107999801635742 39228451908.523346 9.5 18.806692013912258 0.416244 0.5193 0.5337 -49.8684
15792 uds 0.82669997215271 28805598330.898132 9.5 16.952316040240987 0.205374 2.5465 0.5247 26.6236
15934 uds 0.325 79374293127.45511 25.5 1.9887773455413729 0.959214 3.5014 0.34 56.0
15937 uds 0.9957000017166138 54151355599.42504 12.5 11.228972545164018 0.62991 0.9581 0.6223 61.6525
16065 uds 0.918 191857605525.39188 14.5 26.49181580489024 0.319488 3.0501 0.6612 -88.1452
16117 uds 0.6420999765396118 18445865573.118595 5.5 51.73762784513412 0.209424 3.1939 0.6635 -39.9034
16165 uds 0.9337999820709229 72842520700.73584 13.5 13.84042116435277 0.368574 2.8354 0.85 6.0
16597 uds 0.6493 27746308509.16846 7.5 22.224329973368867 0.14616 3.3939 0.3617 22.708
16894 uds 0.9865 43340626791.62525 13.5 8.482603834303841 0.511566 1.4528 0.52 -15.0
16953 uds 0.785099983215332 17804332397.491936 11.5 2.445470319334162 0.625146 0.605 0.2431 76.6473
17153 uds 0.92 89107918759.65086 15.5 9.537602194999916 0.610632 1.6637 0.8022 9.0924
17179 uds 0.4717999994754791 24561509366.394604 10.0 1.1654404899219424 0.499008 1.0435 0.2087 -25.3564
17374 uds 0.505299985408783 19156545050.121265 7.5 12.500882732401234 0.218286 1.9623 0.5185 -23.404
17400 uds 0.6496000289916992 45059224832.6551 12.5 14.30754711882987 0.59688 3.2427 0.85 -75.0
17634 uds 0.828 96984132439.20216 15.5 11.926841008732515 0.541098 1.6876 0.6127 -47.6348
17877 uds 0.6306999921798706 47622341430.17665 14.5 6.569305402006384 0.7479 2.9036 0.775 -70.0
17881 uds 0.8543000221252441 105664200113.76154 15.5 19.165591132401076 0.509694 2.8812 0.48 -70.0
18174 uds 0.987 192507755731.5226 23.5 1.3711327239166142 0.69717 2.9344 0.25 70.0
18199 uds 0.3218 31531801922.51539 11.5 9.924848113712985 0.517068 4.1624 0.428 28.1343
18285 uds 1.0917999744415283 91874804449.47386 18.5 28.288862750601197 0.748092 3.135 0.7 35.0
18351 uds 0.6306999921798706 19575587206.035225 10.5 6.019978733878225 0.568446 1.1602 0.2546 29.27
18554 uds 0.9366999864578247 19410400242.096184 9.0 2.4205492795518495 0.384384 1.8294 0.2992 73.9872
18559 uds 0.9177 56771789412.14393 12.5 10.041896921931139 0.526866 1.0986 0.87 45.0
18686 uds 0.9078999757766724 20205962960.01619 6.5 29.919167767601277 0.167496 2.7824 0.5612 -36.8629
18816 uds 0.43 50481283208.51879 13.5 7.9903650828054245 0.478038 2.5786 0.4094 32.0413
18956 uds 0.8245 24409489696.327686 10.5 14.98094214763116 0.458238 0.8931 0.6979 -62.1035
19734 uds 0.6694 105621558039.30157 14.5 16.939144474126348 0.413766 3.2294 0.6456 26.6608
19757 uds 0.8004000186920166 42233443618.20361 11.5 13.643619704367158 0.427734 1.9156 0.3749 -50.672
19907 uds 0.82669997215271 40025097203.303894 14.5 8.894900645325983 0.68757 1.753 0.41 -67.0359
19970 uds 0.1526000052690506 10791635208.47714 11.5 1.3780836928874092 0.693546 3.6169 0.55 7.5
20061 uds 0.6458 43423166961.274216 9.5 29.279782472056226 0.30849 4.2234 0.5591 85.0081
20064 uds 0.7922999858856201 20430510165.046253 9.5 17.153470522545234 0.405486 1.1668 0.4005 -56.0357
20093 uds 0.9117000102996826 65345076907.329384 9.5 45.04855392781373 0.37929 2.0306 0.85 -45.0
20102 uds 0.4589 33165994372.986446 11.5 9.612358121885787 0.344202 2.8692 0.4474 4.4314
20338 uds 0.8974000215530396 18127873784.668507 10.5 3.198385191242145 0.408834 0.7449 0.3533 59.5838
20612 uds 0.9126999974250793 28625255204.802036 18.5 1.0957419674308595 0.944124 0.7394 0.3708 20.6562
20705 uds 0.5943999886512756 27845517351.17179 15.5 1.69373266765214 0.289122 3.6132 0.2727 43.8146
20746 uds 0.8966 15244513171.602394 12.5 8.885208589966465 0.48972 1.3767 0.7 -45.0
20874 uds 0.8212000131607056 18824710929.437088 10.5 11.338217899532781 0.517494 1.1022 0.8383 -63.2665
21024 uds 1.0157999992370605 34490924455.56413 9.5 9.77623077886544 0.36663 0.7868 0.4611 8.8787
21042 uds 0.9058 82358400620.09888 19.5 12.03927513148653 0.97542 3.2154 0.8973 82.5158
21353 uds 0.5045 67018098053.46541 18.5 4.196014659862597 0.815736 1.636 0.51 30.0
21658 uds 0.8553 39575738153.78995 11.5 17.069994217912132 0.455754 2.9112 0.9544 58.1332
22430 uds 0.5220000147819519 29472528052.464474 20.5 0.7265096321349579 0.792414 2.2623 0.2257 38.0293
22605 uds 0.6201000213623047 36407017550.07295 12.5 1.8900430369919399 0.56028 1.214 0.238 55.2328
22776 uds 0.8007 116972442130.92241 17.5 12.952174871402544 0.698952 3.9301 0.9 -45.0
23260 uds 0.259 18727714545.912308 11.5 2.5526855676500557 0.473622 4.0578 0.7 -69.0
23428 uds 0.9278 48617339545.53732 12.5 24.9403032929614 0.749916 0.7482 0.4358 37.9766
23448 uds 0.944 24525429613.24248 13.5 14.29503016056112 0.661338 0.7732 0.489 -89.5906
23927 uds 0.7583 18400320004.317852 13.5 3.8493313379855256 0.68475 0.8576 0.95 30.0
24488 uds 0.6026 70591927948.31723 19.5 3.9209201526721986 0.944874 1.6565 0.3928 19.3959
25056 uds 0.8040000200271606 16450977533.599533 7.5 14.72393662506051 0.315 1.4531 0.4662 59.4264
25162 uds 0.632 44265896841.16269 11.5 13.060136061669796 0.482694 1.4074 0.4621 41.4502
25681 uds 0.9279999732971191 73856176752.52312 11.5 22.153397339862465 0.475362 1.3043 0.3775 -57.5325
25951 uds 0.7593 44463732034.142746 11.5 13.78925458391097 0.235026 4.1665 0.4872 -46.438
26782 uds 0.644599974155426 37915775473.16557 13.5 8.12847734194317 0.19032 3.1968 0.46 40.0
